174 230 62 317 274 297 285 309 9 75 273
364 4 366 63 72 131 122 76 46 290 295
77 270 350 163 279 52 52 79 284 198 316
96 14 134 247 85 271 160 76 297 200 211
15 202 123 88 81 211 29 62 186 277 134
217 309 345 283 226 127 34 174 173 334 48
310 261 119 119 164 202 102 32 348 156 357
100 83 341 205 156 216 75 246 200 360 124
347 237 183 35 237 254 228 179 186 127 145
325 146 206 248 361 302 13 44 229 287 225
316 365 248 289 87 119 216 102 193 329 315
34 360 241 331 362 295 359 363 124 124 116
155 351 318 160 172 73 117 298 45 241 144
71 26 148 280 120 203 253 318 216 204 214
223 88 27 332 306 11 119 159 129 197 281
64 45 162 218 298 344 99 19 107 292 308
242 168 237 4 362 212 14 79 79 156 12
99 63 56 209 230 84 232 341 180 190 285
295 26 118 127 29 129 52 263 184 86 148
175 249 244 110 199 148 253 60 332 272 241
353 18 194 191 367 157 83 229 335 35 166
88 57 114 106 349 137 323 191 155 318 166
36 339 199 282 127 275 342 81 196 349 73
142 285 139 218 116 215 300 350 116 207 236
276 339 281 270 51 308 347 22 101 36 316
244 340 96 199 321 135 46 185 84 205 204
152 278 123 121 318 164 355 310 173 56 31
214 359 36 158 340 148 317 84 271 245 190
80 218 299 326 233 196 320 44 193 20 256
147 150 326 57 306 125 162 138 179 120 109
354 240 273 146 143 16 326 363 133 90 253
123 57 21 227 51 236 229 84 200 218 42
222 199 197 51 184 188 279 128 176 358 210
171 187 366 365 329 135 128 166 159 324 342
176 218 285 73 170 78 60 247 50 233 101
78 47 328 246 179 80 44 184 113 236 283
79 331 119 35 223 200 303 331 44 108 165
226 79 318 31 158 222 46 318 261 180 275
321 261 257 268 119 294 357 271 38 244 151
141 21 204 214 306 196 244 199 369 90 285
75 9 17 325 152 188 256 56 121 253 232
207 314 85 96 324 321 142 130 218 236 31
56 3 247 109 120 236 143 130 288 105 9
62 186 270 126 325 206 340 19 314 73 175
266 367 333 333 56 33 173 48 171 211 28
214 167 145 157 265 219 115 249 307 235 67
223 176 219 318 93 301 233 65 15 107 357
314 199 214 271 279 206 337 235 159 227 2
32 266 144 203 282 7 188 36 9 153 286
220 216 94 126 170 172 146 137 166 79 40
121 246 219 271 157 59 353 283 43 42 232
50 4 126 314 135 95 34 131 61 262 238
237 337 20 226 280 51 354 244 291 343 318
154 39 174 54 303 49 344 246 78 143 82
13 72 212 364 73 262 333 217 11 156 22
333 3 334 343 189 99 356 205 318 95 219
67 235 306 130 291 261 188 369 108 51 353
332 237 319 250 193 139 255 54 218 118 12
316 149 237 256 35 35 339 84 171 331 345
301 334 246 62 271 129 272 161 26 358 320
27 14 94 172 187 226 116 299 78 230 313
217 124 114 189 202 267 10 11 217 15 263
248 126 247 290 254 288 71 3 289 198 230
148 106 109 193 12 356 99 319 199 259 205
321 332 329 87 108 356 8 0 148 257 203
129 168 216 115 179 240 191 187 318 228 24
347 268 4 366 168 271 256 79 236 266 79
28 270 154 344 223 108 123 147 264 73 124
345 338 237 351 203 60 18 366 92 217 97
30 124 277 80 246 244 272 68 364 205 82
222 352 184 237 63 171 23 138 59 224 233
220 178 120 62 193 2 332 326 183 300 267
249 275 285 270 303 140 204 257 3 13 171
344 2 126 259 347 228 169 322 350 166 72
193 196 311 264 95 127 154 202 193 194 26
289 101 119 41 97 149 328 201 337 36 264
341 294 254 26 158 214 326 109 325 99 109
291 205 79 193 369 310 42 89 310 27 248
93 352 293 62 82 138 272 331 137 132 40
296 325 40 144 366 14 28 39 204 364 36
291 261 362 8 56 202 89 209 253 178 356
80 31 73 344 109 130 84 51 317 336 309
223 167 321 310 36 23 333 333 296 258 162
124 141 252 131 18 241 78 44 190 195 9
25 188 120 218 140 59 127 81 166 246 257
329 70 353 342 338 314 12 34 214 350 311
319 260 9 227 133 176 67 167 285 267 300
24 91 165 305 111 235 235 215 160 304 38
31 295 39 172 23 245 27 87 186 277 358
50 354 2 355 190 134 209 102 41 128 223
214 146 179 279 259 216 74 355 91 331 231
328 361 57 104 30 211 311 111 153 204 250
258 181 346 122 168 167 61 364 266 62 246
243 247 336 155 75 209 263 94 118 251 64
246 303 368 17 131 71 363 194 140 164 172
246 256 106 106 117 277 81 78 275 12 87
88 9 90 323 193 25 196 115 75 97 193
266 74 245 342 324 307 327 9 214 290 249
17 161 356 154 280 134 76 93 144 207 25
145 6 333 152 324 260 14 23 290 36 276
60 84 229 214 212 296 165 59 259 48 120
228 87 120 38 87 34 76 338 344 321 18
71 62 24 119 160 250 209 302 210 251 183
306 233 152 169 231 33 27 226 60 96 23
314 188 321 354 132 331 143 157 215 275 275
79 246 90 299 48 360 351 224 236 275 205
109 96 288 226 108 147 127 79 142 109 322
339 210 354 300 14 35 148 5 293 186 169
268 147 214 148 198 131 117 228 50 33 93
258 16 255 22 245 139 267 215 248 20 161
342 69 245 277 298 351 139 367 346 205 61
237 205 79 251 182 138 211 214 87 353 240
71 346 57 258 62 17 9 56 137 258 182
253 85 108 216 146 174 273 263 181 94 242
165 18 30 118 345 321 161 303 172 352 234
152 104 292 352 206 362 318 67 53 245 275
37 75 267 21 255 275 351 56 318 194 145
259 43 125 346 165 323 222 9 52 143 313
119 183 302 348 163 106 291 231 48 185 258
275 335 321 14 23 261 297 296 25 4 262
262 127 344 350 121 6 358 70 348 288 201
52 275 3 62 12 159 3 23 202 143 240
247 122 329 163 108 34 239 149 327 34 147
272 354 162 231 250 73 165 259 198 223 200
224 262 344 351 131 198 34 53 135 232 224
218 231 40 141 73 180 111 311 303 1 2
290 181 232 329 321 179 351 349 271 263 156
29 194 129 111 40 251 147 323 60 201 232
333 323 254 160 222 148 30 61 122 185 183
67 253 337 14 107 131 282 15 231 331 327
194 252 270 102 344 135 25 201 194 179 262
51 158 187 126 288 339 293 315 216 351 100
38 367 96 87 313 144 188 85 313 153 170
313 172 205 174 224 198 321 7 156 167 247
341 74 223 277 187 17 279 316 188 248 325
161 166 170 194 275 275 5 197 327 109 366
144 45 311 142 95 250 306 362 245 223 70
275 204 153 52 224 241 1 2 2 2 2
313 327 85 71 66 298 254 264 327 175 99
230 225 138 190 190 35 273 344 288 331 244
311 97 19 272 297 267 224 314 36 117 283
32 155 299 90 253 151 188 316 205 100 328
33 351 147 365 360 176 289 264 175 107 89
64 28 109 233 364 17 63 268 111 216 243
69 110 30 35 160 24 263 368 228 289 357
285 226 146 346 297 155 142 247 192 213 294
369 284 57 261 356 342 264 191 175 163 108
352 35 106 138 55 344 127 279 115 228 264
1 2 2 2 2 2 2 2 2 2 2
127 227 212 14 253 69 221 242 218 84 61
319 335 225 301 200 59 217 248 87 237 8
48 96 198 284 24 349 244 24 235 60 188
59 8 135 258 280 94 296 315 367 115 185
79 79 67 254 7 192 21 90 326 83 360
352 248 227 92 94 114 150 244 199 198 209
173 97 293 45 247 233 206 234 15 106 314
247 26 135 30 30 237 203 242 142 4 205
346 344 304 258 327 304 105 9 25 234 180
236 329 114 214 255 212 296 122 268 180 237
46 358 242 71 138 134 154 11 191 267 120
360 73 75 17 34 353 298 154 179 53 227
93 210 182 158 301 257 29 128 352 312 257
218 8 88 237 95 313 158 257 118 29 145
67 249 268 60 114 214 57 178 331 166 302
202 338 220 71 351 69 154 211 25 306 151
340 240 273 37 49 264 303 228 288 339 87
246 107 43 100 8 209 211 108 344 171 17
154 350 15 289 116 196 233 365 96 339 345
90 114 266 285 226 255 154 361 108 360 167
84 148 12 62 92 101 225 60 24 273 354
101 334 56 181 201 258 164 338 341 171 19
185 90 147 175 157 239 232 338 113 313 92
214 31 197 126 19 314 131 15 163 366 41
279 358 368 145 302 280 226 33 303 233 329
311 186 290 114 15 6 319 163 361 281 249
301 233 103 295 97 167 237 119 183 241 303
169 60 115 220 265 167 195 344 356 46 235
92 195 364 49 279 301 251 123 65 73 104
243 50 108 41 233 193 326 326 62 288 365
100 118 244 241 254 38 311 367 125 220 187
59 167 203 299 123 214 196 8 282 339 350
239 54 362 310 291 140 265 190 330 200 119
136 175 147 362 355 121 197 148 251 238 270
192 4 148 265 347 132 138 135 121 133 275
91 352 205 210 292 329 323 231 291 129 241
69 8 264 310 287 257 270 333 115 303 61
50 185 130 7 293 163 11 224 276 107 309
242 183 315 265 206 5 265 336 325 125 69
240 294 304 182 292 313 196 174 219 243 22
224 303 200 274 126 369 237 9 340 60 150
326 322 318 323 240 366 236 255 259 357 142
251 357 20 352 360 356 135 47 39 344 83
2 180 262 41 126 95 17 8 234 198 86
314 13 344 348 184 325 366 264 270 227 105
232 28 193 9 59 300 134 265 340 199 143
270 40 33 155 238 118 148 312 42 294 14
233 194 216 9 212 251 283 116 261 367 36
109 58 150 74 11 314 323 340 11 353 339
171 85 233 238 18 141 209 275 166 147 192
55 154 368 171 205 158 117 318 206 237 204
141 60 329 258 240 368 256 329 115 90 234
244 296 176 326 46 51 350 11 63 187 50
262 200 337 75 36 179 159 258 70 96 232
360 76 196 170 267 106 296 243 27 183 20
197 194 179 319 321 71 135 4 3 341 295
311 369 289 364 259 285 145 13 26 171 94
76 73 5 104 70 6 45 8 174 234 8
258 109 37 180 311 69 161 119 366 46 290
33 246 360 134 180 175 0 167 333 15 48
150 111 216 220 209 204 323 153 320 217 328
216 215 294 217 34 179 248 360 86 2 323
152 364 219 47 164 88 278 97 100 309 352
161 83 57 184 263 105 52 240 282 367 327
253 186 81 199 58 333 252 169 100 207 313
71 180 352 81 148 207 347 314 105 111 31
134 81 341 32 293 19 257 236 73 252 139
167 45 130 297 88 279 246 339 265 7 153
366 136 4 133 275 19 246 30 32 171 127
240 215 79 348 3 163 223 192 76 220 86
62 277 242 332 346 289 17 229 185 142 264
64 243 118 138 244 55 45 303 46 320 132
75 14 89 36 22 182 259 56 53 142 303
8 257 287 338 250 326 138 120 230 276 198
51 36 352 334 259 194 19 254 344 228 192
271 330 102 207 206 259 183 231 101 176 103
184 200 283 251 151 279 162 293 339 233 105
37 75 350 190 361 89 199 193 249 9 74
183 352 63 260 185 16 324 329 87 328 216
193 25 115 295 40 151 125 365 78 332 85
126 148 327 340 79 183 163 313 123 29 210
193 5 197 258 148 19 302 269 157 23 352
259 365 135 10 331 277 96 10 257 22 358
214 15 250 288 29 176 135 268 300 248 275
346 280 367 9 190 119 334 369 55 14 202
208 296 268 186 354 289 293 62 27 67 8
214 180 159 192 342 275 325 193 302 303 38
112 249 253 207 150 188 197 212 357 181 284
95 14 263 157 309 11 178 292 94 184 318
334 9 15 102 235 15 91 223 17 3 345
347 217 304 130 61 81 326 252 19 59 326
109 203 292 119 116 253 48 291 188 126 211
338 51 25 117 326 16 353 75 329 119 354
353 233 154 97 289 300 224 195 199 46 91
332 166 203 360 199 193 110 362 237 179 361
105 45 336 168 247 218 121 31 369 0 129
330 183 199 253 339 299 16 357 329 117 161
341 132 339 291 88 210 6 74 25 92 293
38 261 40 20 332 133 39 273 10 282 323
85 40 305 27 226 115 105 7 194 351 105
127 40 81 365 223 57 296 44 204 15 205
343 290 347 202 105 264 16 251 3 188 93
42 103 283 332 327 363 289 107 239 82 325
315 343 100 331 74 126 226 20 300 209 97
347 324 111 244 20 298 344 213 31 347 2
170 231 3 307 177 213 267 191 362 54 250
334 212 148 308 226 29 296 32 130 166 349
193 232 237 314 259 311 67 302 302 1 2
152 58 177 283 308 63 182 83 322 152 77
168 291 362 174 288 111 18 190 335 179 216
63 285 257 63 127 23 79 330 194 3 362
283 204 236 5 134 62 277 167 333 115 217
24 107 331 234 35 262 248 47 320 245 300
275 126 243 142 325 189 138 352 148 255 287
310 332 235 198 74 197 223 360 235 352 108
82 320 45 113 243 139 18 365 362 148 318
216 148 101 174 265 212 25 356 207 73 15
69 266 57 282 204 88 358 217 243 127 294
344 205 342 313 248 277 202 142 184 165 188
210 247 245 195 239 108 296 159 327 60 332
121 339 184 309 175 257 189 279 188 161 108
227 199 172 245 192 79 244 290 25 356 67
359 351 96 328 225 122 148 31 195 305 319
62 3 55 154 306 74 262 217 49 359 344
275 114 321 198 17 348 45 340 360 281 168
246 162 132 170 124 121 222 154 15 57 243
117 199 288 54 81 324 360 241 45 168 214
311 300 177 170 69 166 166 33 71 65 121
242 331 349 56 255 212 105 334 345 259 349
202 111 305 134 253 264 155 216 263 112 3
108 365 86 267 151 222 254 110 276 283 128
109 246 205 258 311 91 70 316 202 6 88
174 178 202 130 266 362 362 184 282 331 183
57 180 32 35 346 0 262 18 237 310 159
139 223 24 317 308 122 121 15 60 148 64
152 125 220 226 118 130 215 275 168 72 190
243 270 119 287 202 254 148 191 229 251 309
193 159 229 148 66 88 250 115 237 345 14
44 265 158 100 152 46 133 181 126 259 237
166 207 40 55 214 211 241 239 125 188 134
343 234 285 124 366 158 252 175 35 318 20
114 214 130 129 130 191 101 14 212 350 182
153 340 306 40 283 94 361 33 242 253 264
106 129 214 111 367 264 72 363 62 62 81
250 180 212 199 366 220 340 349 19 337 157
207 62 282 282 362 296 100 202 35 173 258
98 63 196 75 329 239 98 265 93 352 298
361 87 124 182 133 200 109 110 213 41 106
221 192 96 81 67 196 220 288 99 239 276
346 318 99 276 314 115 267 309 250 54 8
17 220 24 207 306 176 290 268 135 199 205
181 0 132 231 289 123 266 330 163 31 259
338 333 249 214 99 75 243 87 131 184 317
179 148 61 212 231 240 273 238 324 8 203
327 164 67 336 323 236 16 304 33 126 183
224 56 45 105 127 330 312 177 320 157 261
79 326 63 172 241 162 239 169 269 219 364
276 105 22 340 29 280 359 303 334 214 164
33 61 54 134 358 19 78 53 134 205 129
35 203 137 41 69 93 327 278 246 148 223
55 140 119 53 2 193 357 331 116 82 133
348 337 361 7 99 164 124 293 59 33 281
226 291 192 306 44 309 241 28 249 3 329
79 0 83 116 148 70 212 172 111 148 268
121 305 208 293 300 110 194 258 166 357 308
253 283 99 167 250 126 326 320 193 158 355
311 44 223 227 10 143 264 234 184 194 82
229 166 346 168 108 6 47 248 309 32 111
94 358 60 300 332 116 316 8 52 136 112
361 164 186 281 226 72 363 337 111 129 7
168 333 50 2 250 323 115 150 27 279 310
167 333 52 255 258 229 88 226 46 273 113
151 180 250 196 219 103 239 250 215 252 6
337 151 124 266 5 279 97 175 46 241 72
329 43 119 364 361 323 296 46 270 324 58
191 301 346 163 43 246 336 234 157 357 212
59 113 204 184 316 72 182 146 36 222 60
283 303 3 7 315 11 157 44 70 311 144
80 211 155 298 264 136 301 258 291 197 232
200 345 262 54 357 68 41 0 326 27 328
214 235 155 160 46 226 193 347 190 307 292
140 111 338 141 324 350 284 175 173 356 42
321 171 322 14 229 312 168 279 27 94 130
172 189 240 238 269 229 15 300 154 3 163
117 179 329 7 135 65 134 184 228 26 279
226 56 114 73 296 231 146 191 216 127 285
244 129 57 63 356 213 311 273 348 154 196
60 119 292 250 331 2 369 233 317 52 218
62 74 318 332 149 61 323 204 336 37 326
362 345 52 115 3 93 25 123 88 284 31
332 357 111 198 325 73 107 184 362 69 319
241 29 2 221 362 249 22 277 322 58 342
21 222 79 129 288 327 110 42 103 95 250
226 4 231 183 264 106 14 21 302 346 285
237 348 7 358 323 74 20 195 88 358 166
41 38 190 355 295 27 164 202 60 222 223
44 263 249 191 152 24 60 135 84 340 248
207 295 259 318 306 135 266 260 98 307 0
157 246 364 344 94 3 193 193 363 107 107
216 84 289 139 349 17 337 263 32 274 232
120 308 225 291 264 62 361 284 207 113 220
224 102 159 255 311 23 73 184 163 15 240
335 307 367 222 321 57 254 146 248 55 229
293 43 349 229 287 88 282 313 334 266 180
25 97 16 201 91 200 309 59 146 17 32
73 346 161 231 179 82 234 251 201 210 14
92 367 38 260 357 54 8 142 364 297 119
244 52 124 316 357 148 259 48 283 74 54
165 100 6 283 364 118 193 70 74 258 314
207 240 41 264 293 279 331 348 90 293 9
313 324 62 245 135 136 131 320 234 137 109
313 353 359 255 323 255 58 356 46 243 72
107 53 335 23 315 306 225 100 259 344 130
266 172 301 162 64 131 226 339 128 11 74
52 341 115 345 50 218 0 233 137 281 357
21 204 346 96 193 52 272 155 184 51 121
256 368 199 170 144 88 299 171 291 22 17
268 299 268 336 92 344 246 66 283 59 324
202 213 257 300 182 306 140 32 340 327 151
258 236 188 182 269 51 89 14 217 331 182
177 216 45 118 254 75 367 60 351 159 121
273 359 75 87 174 148 165 216 87 10 126
271 341 351 166 295 263 188 82 247 359 226
59 196 107 303 335 142 96 73 96 354 269
43 353 100 266 120 73 364 30 286 166 153
66 194 153 16 185 116 245 130 61 32 4
237 69 199 304 5 192 228 36 135 282 117
208 257 5 8 119 270 37 181 312 247 40
332 367 302 163 339 76 57 171 194 338 341
88 32 223 365 244 145 152 223 58 77 300
255 320 151 223 201 346 367 191 253 82 217
154 60 205 364 295 218 340 205 220 345 317
341 77 328 80 127 192 129 23 59 137 247
41 308 259 299 62 198 106 60 92 69 272
21 5 142 51 240 133 144 229 291 352 345
123 45 191 199 308 277 261 304 293 245 364
214 102 135 267 334 74 287 58 16 344 27
25 232 119 11 228 110 303 184 79 235 132
127 290 301 57 44 243 305 211 324 53 69
152 96 153 265 97 311 361 214 337 149 267
264 202 83 142 50 225 359 165 279 156 190
158 42 40 81 280 168 51 58 179 121 71
48 369 172 287 277 91 163 220 162 36 101
366 349 8 25 254 296 312 7 339 208 12
157 54 51 167 13 189 351 309 248 300 277
341 188 78 32 12 366 259 79 220 129 286
269 365 167 116 66 93 71 130 125 16 252
325 270 199 108 129 323 186 25 121 232 268
176 32 273 123 204 324 79 94 17 183 204
288 184 125 98 62 37 313 107 250 66 71
187 361 190 218 234 306 335 29 65 43 54
338 319 340 368 87 201 181 51 61 170 366
363 273 87 332 2 188 75 138 346 221 109
295 311 78 356 279 81 285 191 45 348 328
92 42 321 184 306 71 223 302 229 316 185
223 329 7 35 344 254 190 298 59 134 347
165 50 66 78 180 248 352 83 234 271 134
81 146 268 126 251 159 344 206 2 168 309
94 179 114 295 38 294 115 277 188 297 117
209 138 331 329 68 17 241 67 84 62 363
164 369 145 318 159 160 190 0 36 26 188
79 249 194 51 114 12 103 214 11 117 36
193 308 79 276 221 312 202 222 154 252 6
297 326 239 57 59 127 360 241 352 119 138
14 61 223 321 108 56 53 283 321 134 231
109 180 257 267 142 321 353 147 126 331 143
96 258 46 2 248 366 9 214 254 308 339
305 194 244 366 295 158 157 89 10 8 216
151 20 240 261 230 305 122 338 360 276 138
84 43 223 325 170 342 26 121 142 256 231
215 242 108 142 59 68 283 336 90 79 33
4 157 57 226 351 298 105 105 102 362 133
353 209 107 177 26 65 41 266 128 243 221
352 202 158 97 86 319 168 9 254 85 343
119 119 134 10 147 226 222 219 321 335 350
33 262 367 123 188 35 184 299 275 309 324
293 30 127 358 169 153 231 164 235 95 324
144 158 172 130 160 248 323 41 288 59 352
193 28 346 298 22 310 125 276 339 196 123
156 192 302 165 305 157 279 333 133 112 208
88 27 262 362 347 202 8 173 332 170 208
342 237 46 182 96 15 240 283 182 133 115
15 352 18 169 193 325 5 180 229 232 39
184 243 222 276 325 73 2 113 71 131 216
110 115 309 31 275 360 312 270 26 92 124
120 110 351 171 201 287 200 204 354 74 160
157 33 353 360 46 21 95 62 246 171 38
279 203 163 300 286 311 33 196 112 271 92
241 53 257 36 265 262 11 228 134 342 6
337 313 297 121 300 261 165 256 45 229 319
23 227 66 294 130 223 163 310 369 354 115
56 56 336 270 265 35 124 191 196 43 291
35 79 188 142 219 18 216 32 321 194 291
52 351 222 237 100 240 308 106 44 83 276
255 125 43 146 300 213 282 158 254 315 183
322 246 257 22 141 81 166 368 226 38 91
323 159 8 192 368 300 279 287 275 302 70
165 352 169 146 79 321 202 270 94 137 79
245 259 341 214 29 199 191 87 53 343 14
191 87 78 229 39 356 19 252 277 208 349
263 105 74 347 67 81 71 254 172 319 37
345 247 355 346 358 270 204 89 322 232 368
51 243 47 111 114 22 47 19 237 294 337
64 92 120 109 57 26 267 361 280 237 258
341 75 340 325 266 332 356 186 258 205 200
28 262 334 177 120 298 338 109 282 71 349
17 41 83 277 348 323 222 245 259 211 223
328 192 236 364 141 262 145 179 264 346 229
216 16 109 56 142 99 265 181 325 205 318
292 234 57 21 289 216 16 127 239 268 341
220 270 9 260 298 203 280 284 126 61 208
8 248 79 217 152 82 245 267 224 267 244
100 106 67 96 153 16 186 46 322 79 5
301 57 79 183 184 53 116 184 241 1 2
50 327 124 66 179 71 325 13 79 295 131
127 143 109 1 2 2 2 2 2 2 2
76 73 336 169 165 231 72 135 357 302 100
51 56 119 330 211 280 180 361 218 61 199
265 82 73 105 211 7 331 311 266 317 92
295 108 123 265 313 152 185 257 254 219 279
119 311 28 151 158 204 318 68 175 348 54
92 267 11 68 329 87 304 125 27 55 150
109 318 287 232 23 26 214 312 290 165 191
182 36 310 111 295 265 333 58 295 121 193
171 158 346 29 4 160 198 161 46 107 226
339 126 231 39 356 305 245 131 224 207 315
170 192 68 20 339 359 324 338 53 163 27
305 235 190 64 17 29 152 65 86 69 80
307 223 84 182 340 293 307 42 79 91 62
223 188 92 247 242 332 165 233 25 239 232
34 334 336 146 119 163 127 166 79 76 24
51 221 203 81 20 352 166 262 202 331 54
321 258 334 323 337 2 289 193 239 253 3
263 355 297 203 300 115 143 74 361 121 354
245 134 79 187 130 340 94 39 137 151 100
69 308 99 240 20 95 108 80 202 267 100
251 262 267 300 71 97 233 289 364 79 339
264 339 242 41 164 192 13 276 121 360 253
323 224 177 319 331 35 5 188 189 142 168
51 283 213 35 130 334 17 350 287 217 172
278 308 73 68 2 209 203 205 229 137 163
311 223 367 62 200 247 208 355 158 246 358
263 328 217 115 104 293 215 364 183 23 204
241 267 262 340 118 94 229 201 44 295 119
248 62 146 99 271 304 43 111 73 252 119
311 133 249 168 340 300 259 195 2 149 69
80 245 171 108 176 358 18 115 280 155 331
216 222 193 309 353 153 211 241 322 362 356
214 153 144 91 367 317 231 90 17 172 237
83 223 168 80 51 99 324 231 18 73 10
288 79 162 258 65 183 313 312 122 203 41
350 329 250 334 115 217 361 75 265 44 177
67 59 80 309 280 235 252 359 124 344 216
81 314 265 104 99 155 248 269 36 167 268
173 254 165 242 338 47 44 359 38 237 318
325 328 181 288 356 245 350 323 130 91 205
341 79 198 290 306 356 257 304 37 296 275
249 20 4 265 10 175 19 152 144 114 101
263 184 201 223 295 107 357 368 6 176 295
327 160 75 198 89 301 138 267 167 94 333
290 113 307 4 223 40 239 246 251 81 172
109 129 134 47 264 184 282 30 104 56 216
247 47 295 173 329 200 148 60 256 25 150
1 2 2 2 2 2 2 2 2 2 2
259 152 226 329 12 160 69 92 359 222 331
361 186 79 168 23 328 230 169 43 229 17
255 56 96 6 153 139 38 152 207 90 201
226 354 81 191 57 230 209 137 319 301 42
364 325 229 52 265 256 79 57 191 350 138
152 186 333 258 145 311 347 173 293 91 361
246 103 254 275 275 78 183 56 183 148 179
260 318 176 282 66 345 337 233 316 308 149
168 365 122 260 65 300 296 339 85 285 58
351 281 132 217 315 182 310 291 344 57 163
125 147 86 135 359 237 220 175 90 253 156
60 17 249 314 310 218 162 186 172 344 141
136 261 135 87 131 212 57 220 90 345 124
360 339 178 317 347 57 191 225 245 289 162
269 147 160 276 305 227 331 73 331 42 366
179 265 183 216 334 22 88 81 263 259 145
98 361 94 124 184 3 219 75 349 298 166
131 178 151 349 152 202 130 328 101 33 369
157 319 132 119 43 264 333 340 118 340 124
273 80 105 253 87 43 129 274 206 364 214
32 124 89 79 83 119 291 172 7 18 91
183 204 107 209 291 179 326 207 360 109 117
61 247 66 276 319 300 326 18 188 211 113
231 231 188 92 140 37 130 339 322 145 268
48 348 162 50 60 113 17 73 273 201 275
293 87 246 351 332 21 161 341 57 83 172
109 198 281 163 108 108 342 344 277 60 216
231 62 309 348 116 124 263 194 310 183 77
35 244 267 69 329 310 216 168 242 30 308
228 368 124 132 35 112 118 87 283 288 107
192 348 317 76 134 180 207 82 93 19 199
220 171 231 355 348 23 113 94 254 75 225
233 245 327 116 266 279 190 45 203 14 26
291 331 3 332 265 280 73 110 165 173 242
194 254 251 119 366 194 142 97 333 53 295
60 330 253 350 308 184 71 329 340 246 231
352 146 126 312 104 133 190 227 152 7 240
15 32 192 267 88 130 13 261 276 3 163
163 284 49 121 275 73 323 342 243 199 188
92 341 7 283 358 15 82 48 202 330 99
262 216 309 108 193 146 184 240 19 314 295
192 342 134 259 9 20 321 13 97 152 106
24 153 262 200 91 68 232 312 277 186 34
260 291 35 242 0 163 193 81 44 243 317
127 45 342 81 10 282 308 281 3 30 219
329 85 333 144 99 111 82 111 366 296 182
249 50 45 299 10 207 207 8 164 177 115
264 151 253 280 108 252 240 278 154 7 117
236 30 243 272 12 96 218 94 143 315 235
157 120 7 344 187 35 220 237 97 212 55
303 107 109 215 354 155 108 289 63 5 279
0 339 332 346 291 364 269 15 80 213 331
344 59 124 93 10 197 273 349 244 122 104
75 192 7 40 193 13 72 188 120 93 156
274 147 318 307 342 151 114 316 287 120 56
113 194 304 296 142 17 318 302 337 234 153
198 195 186 237 265 252 88 325 87 52 320
44 36 268 57 289 358 121 106 211 157 158
206 349 143 172 162 12 303 184 93 43 367
121 113 327 3 216 42 11 159 284 259 330
57 277 7 339 119 301 190 218 66 295 206
265 17 86 155 359 36 16 320 3 194 296
328 258 29 56 190 144 191 59 94 128 254
278 293 194 235 32 319 126 35 169 235 153
310 271 321 356 141 226 3 193 329 185 120
185 334 67 202 359 146 250 72 81 332 229
168 99 298 73 270 286 166 152 320 140 322
72 298 256 289 72 135 237 9 300 325 94
313 156 113 182 56 281 225 37 193 191 36
31 119 126 270 133 247 69 42 256 26 109
0 79 184 357 297 26 187 341 258 33 59
81 82 309 82 210 89 99 180 259 264 323
42 194 107 199 307 219 312 99 131 205 115
100 236 329 292 369 140 53 157 1 2 2
275 282 148 51 368 361 273 137 246 36 62
157 334 0 353 9 350 102 21 358 298 69
296 242 253 148 3 218 330 209 282 104 147
234 172 204 254 282 14 114 38 310 61 253
333 274 339 223 356 361 111 131 282 325 171
88 249 140 119 255 320 146 253 172 110 153
350 355 311 176 255 178 196 256 62 122 257
23 322 317 124 364 293 138 358 357 233 349
197 328 72 87 358 191 293 259 33 3 258
237 119 224 32 57 346 79 174 203 196 275
261 232 87 193 180 111 189 202 186 62 148
314 298 176 113 222 332 63 251 226 172 80
305 119 223 91 231 246 297 73 226 257 77
71 144 7 79 83 32 267 246 359 225 366
46 82 268 169 324 248 12 161 279 128 204
121 108 317 56 36 154 323 308 147 331 269
123 62 214 337 173 209 258 37 367 193 281
236 368 204 30 93 282 89 312 363 188 71
119 6 170 239 304 93 71 73 100 54 253
339 198 74 8 225 111 313 58 248 259 99
214 196 184 114 139 176 214 148 303 89 204
114 317 196 149 100 205 186 13 71 331 211
198 110 245 156 19 164 249 27 56 319 14
129 156 202 21 280 191 111 34 242 14 93
65 133 153 265 304 261 360 63 61 252 310
345 176 70 35 252 46 133 32 165 272 226
223 129 81 101 279 68 312 84 115 206 358
344 185 276 322 92 254 228 332 243 100 288
286 43 187 364 225 133 58 213 131 173 101
85 341 331 83 174 279 60 263 233 339 308
115 283 43 175 350 134 263 226 322 325 188
240 193 294 364 329 234 102 299 28 283 63
152 335 149 183 182 368 297 298 322 267 140
163 358 182 356 120 257 363 165 353 19 151
264 247 204 275 202 117 142 246 9 233 81
358 199 103 95 153 76 98 296 37 353 210
323 61 204 30 169 121 82 191 367 264 17
125 317 106 1 2 2 2 2 2 2 2
169 95 160 118 18 359 190 242 153 19 36
222 285 329 76 330 105 186 104 51 117 102
29 4 102 121 267 270 91 304 137 240 288
337 3 318 267 29 253 368 87 176 166 102
202 345 191 302 158 222 66 261 241 73 264
263 210 182 237 243 330 220 19 239 316 33
17 148 149 308 165 191 64 36 111 359 218
64 7 135 354 156 121 77 138 52 74 127
226 230 54 243 267 249 233 355 155 284 356
362 130 115 147 109 69 85 189 15 150 147
108 308 278 224 204 202 258 107 205 22 87
121 343 286 258 321 268 184 156 340 11 185
211 242 204 75 141 130 15 52 38 222 344
245 247 16 234 61 354 93 338 368 179 138
291 96 336 19 280 120 100 333 96 100 19
79 171 134 45 166 109 17 320 39 285 183
240 244 84 357 51 72 292 165 103 194 167
103 297 333 187 188 52 293 322 36 348 366
70 212 329 110 6 342 25 346 171 234 323
292 186 327 156 104 226 25 129 239 86 237
34 233 158 7 69 94 291 340 32 308 339
359 204 282 178 124 222 269 232 270 333 317
40 267 354 295 17 236 277 90 280 76 8
108 155 153 286 338 295 259 291 319 204 42
159 136 295 336 169 158 81 115 225 49 120
337 65 111 184 58 216 49 33 366 258 79
51 198 130 55 243 114 216 5 60 234 237
270 259 138 335 62 295 46 270 367 73 217
35 342 5 308 229 131 36 296 174 128 11
206 229 295 211 53 366 270 36 332 330 296
350 8 206 366 124 180 339 45 368 333 127
191 172 273 100 295 215 341 350 306 355 147
34 37 184 205 324 153 178 186 113 318 285
109 43 199 197 251 211 266 220 361 299 188
98 247 205 192 355 264 213 27 60 300 142
110 135 9 234 100 151 273 185 140 66 330
40 53 357 42 309 356 318 327 367 47 19
109 215 124 8 112 254 98 278 61 53 201
354 222 268 233 211 233 311 311 29 332 199
205 217 88 331 363 91 85 251 5 115 100
133 103 279 54 130 95 366 140 287 242 222
246 153 81 318 189 291 265 269 92 211 318
241 153 257 176 192 164 92 85 175 211 221
243 153 33 237 10 174 300 150 213 172 145
362 223 3 120 350 102 362 257 28 104 145
250 310 230 82 264 224 45 212 218 233 294
14 188 181 153 83 260 36 238 284 275 119
324 189 172 77 99 225 286 320 333 0 311
175 285 217 258 327 135 48 166 368 89 232
355 219 149 222 106 317 60 9 241 222 272
184 361 71 0 309 192 58 366 320 271 288
336 258 362 349 305 112 165 28 253 99 144
313 66 98 344 71 201 339 102 226 61 66
161 42 226 231 120 118 89 164 350 207 14
171 220 285 360 45 175 239 322 146 332 158
197 172 123 366 347 2 245 226 141 195 207
258 304 109 280 184 252 163 327 102 186 281
34 249 110 74 172 42 85 256 127 90 172
266 310 321 249 140 190 298 108 97 188 38
92 115 59 365 154 245 0 36 134 284 68
336 216 350 365 55 95 312 103 64 20 71
273 353 234 63 300 314 182 333 47 236 243
211 78 117 203 211 353 245 263 41 10 270
108 66 356 258 223 176 91 311 344 128 159
292 348 57 118 99 74 345 39 169 232 45
141 182 360 56 235 314 368 344 318 355 191
182 262 299 12 96 75 246 176 193 269 113
360 297 277 128 261 191 201 216 302 238 214
360 110 257 97 362 288 338 178 2 107 93
68 203 238 65 323 63 368 247 165 236 100
230 214 40 333 360 254 251 239 107 269 292
10 313 75 186 255 293 255 175 154 171 123
1 2 2 2 2 2 2 2 2 2 2
311 331 358 125 80 345 334 337 36 173 204
254 248 345 113 158 190 186 241 85 258 175
202 159 334 184 280 328 85 123 144 271 23
255 322 24 266 342 264 317 112 225 154 197
355 258 205 285 280 34 261 364 184 315 331
34 138 40 75 117 52 180 110 218 251 96
0 88 151 368 318 350 16 360 219 329 190
303 318 135 73 61 354 149 250 147 151 182
284 160 331 104 319 17 2 265 55 78 42
46 235 149 47 219 292 213 145 116 234 144
45 9 103 229 204 3 24 252 46 357 311
101 79 226 57 345 71 358 34 107 7 60
230 90 326 12 55 250 93 288 184 171 252
127 263 300 344 362 255 369 107 350 171 199
93 359 124 329 20 354 239 156 214 216 28
87 119 174 65 295 239 9 366 87 219 369
304 321 329 100 317 108 48 240 267 349 224
329 277 44 311 55 176 234 124 216 246 22
262 108 170 329 345 361 256 209 363 332 367
164 156 47 165 151 326 281 47 137 287 116
130 48 269 216 339 345 291 247 82 170 343
46 79 157 127 358 161 12 4 366 349 109
241 78 43 254 356 287 21 53 287 199 356
247 30 270 20 327 301 280 132 144 31 247
364 133 175 151 283 134 332 326 97 191 270
60 258 85 145 196 196 56 52 248 123 99
159 199 32 9 331 70 148 222 366 171 97
165 346 9 7 341 82 109 52 0 124 83
325 163 368 59 347 84 328 128 107 205 129
361 3 284 60 87 344 170 119 3 49 109
197 203 97 70 77 213 163 97 107 341 322
332 298 65 285 342 203 85 339 60 172 361
168 255 6 332 24 108 278 129 53 36 263
139 222 205 30 357 93 85 174 43 38 341
296 202 79 44 334 289 312 149 203 258 87
354 258 95 83 284 95 238 66 148 23 79
145 311 245 237 68 73 238 63 53 109 345
214 63 239 52 177 255 235 361 336 263 6
178 254 196 172 160 349 350 331 363 352 105
198 222 2 241 157 46 208 163 163 316 301
248 352 358 32 219 292 55 303 61 287 71
82 204 171 192 85 300 212 165 287 158 20
96 273 204 207 351 356 65 70 248 209 72
331 90 113 237 161 364 202 147 151 170 9
359 134 334 253 274 11 241 226 110 35 205
241 141 85 351 201 275 136 353 365 360 33
214 94 254 282 35 6 115 29 207 344 317
146 119 207 248 170 168 229 258 129 329 363
184 136 322 350 329 150 125 140 250 87 234
223 200 120 369 235 162 130 131 94 65 59
141 288 273 7 179 285 337 296 110 8 332
40 220 207 255 226 46 356 90 188 107 246
356 205 329 129 18 126 147 291 60 243 139
97 163 159 172 72 130 96 55 314 266 120
168 40 223 179 242 164 347 92 169 111 182
364 264 349 61 53 37 90 174 45 142 204
178 341 180 180 54 211 207 192 236 105 283
223 345 268 361 323 49 76 75 339 191 244
57 198 66 255 1 2 2 2 2 2 2
322 56 199 161 149 58 191 12 225 46 357
240 54 251 237 279 34 292 119 26 94 340
361 36 186 21 295 280 103 7 181 7 82
69 84 4 352 258 263 66 259 83 71 6
327 278 336 301 249 357 44 332 135 243 64
195 303 226 189 218 299 139 21 148 364 137
121 158 261 352 128 224 266 316 79 284 242
247 121 177 16 112 269 189 70 262 235 134
47 35 293 161 339 182 33 209 145 94 100
328 103 109 227 230 325 226 170 360 364 275
79 197 344 184 145 225 145 132 270 117 181
259 220 270 97 220 266 32 29 197 143 327
214 348 77 311 89 312 49 110 79 357 169
132 179 240 122 108 301 104 148 126 368 21
27 102 330 21 261 191 42 104 133 363 290
76 53 109 121 254 187 71 278 272 278 336
248 210 355 211 113 161 166 26 140 275 203
219 204 113 232 364 350 19 242 63 65 346
17 188 195 246 239 70 259 230 228 41 164
165 199 212 323 218 239 146 94 63 131 39
153 300 52 216 278 275 113 102 8 57 158
211 66 1 2 2 2 2 2 2 2 2
154 361 2 35 298 10 111 65 256 188 285
67 79 40 94 94 196 18 128 344 48 192
367 334 109 100 128 362 128 248 237 122 192
139 82 340 279 359 95 104 28 158 249 40
254 182 134 337 155 7 265 22 79 77 199
341 116 261 222 80 158 291 235 84 116 114
276 285 211 350 174 318 165 100 345 336 119
33 272 101 83 345 348 258 119 73 368 113
42 80 178 355 168 127 129 146 344 235 223
260 99 186 181 102 126 212 269 26 125 270
71 138 295 254 233 159 307 155 344 325 204
12 257 331 229 164 19 175 137 328 249 120
192 146 204 258 164 24 113 228 7 264 353
334 220 39 198 59 76 323 368 219 187 98
148 115 175 200 1 2 2 2 2 2 2
74 275 62 104 109 290 275 184 26 26 260
90 282 302 254 17 36 364 238 217 56 201
64 281 240 252 240 187 150 261 188 307 176
260 240 239 46 252 10 169 22 287 316 265
127 2 190 140 201 162 81 155 163 102 75
69 249 261 330 298 229 326 193 113 179 227
352 193 249 336 304 215 264 258 124 217 117
323 244 21 100 329 93 95 181 114 221 239
214 212 14 118 347 215 56 120 262 340 315
311 95 331 299 64 334 179 361 232 248 7
50 244 175 292 35 162 287 70 363 75 128
240 36 185 147 233 101 17 125 183 109 318
146 23 79 168 282 116 182 211 205 159 293
240 238 107 367 205 123 350 369 22 253 265
362 66 367 60 120 13 362 200 247 244 46
55 320 41 215 330 358 76 251 30 234 245
231 42 111 252 125 188 57 124 70 63 9
346 351 328 291 364 366 46 61 171 331 329
272 126 328 39 200 288 107 0 163 121 65
369 10 214 271 244 166 61 141 192 38 351
208 136 197 253 124 312 72 81 60 349 79
341 204 148 118 342 298 295 246 291 148 197
264 227 240 79 296 251 298 178 368 175 2
99 148 180 219 236 235 273 368 186 54 273
119 135 26 42 239 195 39 369 253 283 110
226 39 214 47 151 73 276 79 333 345 74
214 56 60 92 58 135 292 287 95 258 311
157 43 200 140 212 273 251 174 192 331 357
130 202 23 364 66 365 297 344 126 152 323
44 294 97 140 323 267 354 195 239 4 9
180 302 83 36 175 133 299 345 9 8 148
312 127 116 333 202 249 207 210 326 89 169
175 320 246 223 12 168 271 359 313 235 304
344 225 354 248 268 329 68 358 156 240 168
32 181 205 364 17 135 232 243 50 228 274
243 9 16 125 75 170 181 63 265 272 267
286 199 78 278 209 121 309 294 32 363 296
298 108 198 188 123 35 367 50 52 166 327
261 18 43 22 55 299 298 46 235 259 286
325 107 138 358 337 180 63 15 36 210 97
236 2 156 59 9 98 139 52 346 119 41
180 318 172 88 154 355 191 17 257 232 133
177 9 110 170 83 293 243 19 246 18 116
140 199 156 270 204 324 331 141 134 47 271
266 319 26 356 278 298 264 166 270 205 352
8 259 122 218 211 319 240 278 70 79 154
258 47 147 38 134 70 284 262 101 118 232
324 107 73 141 109 265 155 96 296 264 210
103 178 273 20 298 258 270 48 368 363 51
29 150 50 234 114 200 92 223 292 148 121
153 185 34 289 248 151 87 113 324 279 40
277 234 126 59 368 336 323 37 354 207 8
241 277 280 59 155 44 61 107 196 244 61
360 221 121 348 162 189 266 270 67 105 97
94 251 119 7 10 21 88 186 233 11 37
184 206 111 38 297 55 231 43 10 25 329
84 160 215 70 122 14 110 106 225 69 121
77 70 153 21 293 57 259 202 114 275 307
351 328 26 13 358 287 88 188 169 362 172
364 170 172 140 31 142 162 99 230 335 223
76 337 214 336 165 81 311 155 112 111 65
157 309 318 348 124 102 349 97 112 322 56
249 152 276 134 85 316 7 326 253 92 144
9 206 183 265 246 236 165 322 11 234 233
324 349 24 357 82 96 165 310 53 214 261
231 103 291 79 341 247 108 9 137 319 204
136 119 179 150 166 321 15 242 78 344 123
32 294 14 302 368 249 26 19 246 109 233
320 119 45 241 169 249 41 60 185 277 157
186 259 269 350 104 108 361 323 188 239 309
348 352 203 362 299 91 170 170 74 196 356
164 158 70 312 11 157 127 317 261 106 244
36 181 57 163 37 155 311 81 232 124 288
214 63 190 222 6 123 280 338 112 257 41
67 329 2 354 264 44 366 306 11 210 160
243 282 356 130 290 285 6 32 263 39 338
336 132 71 151 155 46 222 34 346 25 61
368 318 34 47 250 194 18 241 22 247 263
341 352 59 66 118 164 363 43 145 225 337
70 297 8 128 152 319 99 90 107 168 234
169 309 282 176 142 341 359 124 145 241 138
307 329 204 299 253 323 202 293 243 138 143
192 107 329 127 75 214 316 300 59 268 109
107 260 323 219 119 29 239 125 171 16 251
312 42 128 342 229 97 82 111 219 45 353
346 216 138 355 7 262 161 357 278 364 135
287 310 357 179 151 361 33 45 102 308 287
75 140 186 16 248 63 19 68 163 119 181
96 264 188 147 188 115 70 365 205 316 354
191 151 138 307 42 53 109 280 42 115 43
62 93 355 287 97 182 132 341 357 53 7
351 282 366 123 264 267 88 46 73 184 163
35 295 218 302 321 357 314 157 128 99 99
54 3 268 323 219 258 124 349 333 218 204
209 43 308 155 29 34 113 282 224 27 53
296 142 245 293 243 119 202 222 191 275 113
193 171 210 350 245 111 125 49 184 344 229
46 65 92 66 179 157 332 54 368 112 50
102 224 100 329 80 26 192 302 76 2 242
214 317 153 345 95 248 241 205 227 85 331
145 327 211 147 176 77 261 298 140 305 9
5 262 43 95 245 150 292 362 148 227 234
289 268 203 105 190 306 128 266 353 320 215
50 128 32 46 100 344 273 277 162 134 48
59 246 153 223 271 265 107 228 333 159 182
162 179 9 53 32 79 192 259 55 252 351
339 215 147 264 212 80 164 8 278 219 113
105 262 328 283 35 367 325 330 37 364 260
148 4 349 191 28 364 58 113 21 191 211
211 103 216 179 207 226 14 133 348 346 334
67 59 237 167 95 161 338 296 277 20 49
179 286 244 316 283 116 20 52 287 159 352
259 172 286 257 131 165 275 152 153 10 254
74 103 346 73 247 224 66 60 346 226 285
214 122 264 261 86 209 165 278 219 115 210
192 180 123 246 298 346 148 337 161 115 15
165 355 138 85 171 313 58 339 137 287 236
0 190 259 10 241 341 106 52 345 154 137
300 190 59 310 36 326 51 184 150 348 49
110 318 340 364 131 158 159 357 153 312 230
240 13 40 189 332 126 248 230 265 302 197
107 14 358 74 108 247 76 235 184 254 305
171 369 151 283 304 119 93 311 186 295 21
94 111 342 30 224 241 357 2 111 163 172
122 110 272 323 223 327 29 326 283 31 291
362 245 300 130 253 210 84 120 134 85 332
152 365 129 92 258 6 14 168 202 250 352
336 304 234 356 133 301 37 85 109 330 119
352 166 168 368 240 72 361 365 299 119 172
237 146 17 37 62 336 367 246 208 148 53
95 71 195 222 41 187 312 327 185 349 310
352 50 279 350 215 127 226 164 107 208 324
337 142 72 28 258 200 32 137 22 213 262
56 115 92 97 280 326 108 315 278 284 271
167 199 281 240 149 178 1 2 2 2 2
74 196 340 277 363 308 106 292 346 223 260
300 115 45 154 36 332 186 223 319 83 344
300 89 205 333 221 117 102 226 271 188 131
35 54 288 360 75 77 123 35 223 160 367
127 368 336 202 93 299 138 159 344 281 315
54 29 214 4 71 133 283 312 193 233 354
263 213 301 112 115 30 369 158 349 308 303
127 154 113 327 168 239 55 87 111 277 296
134 325 360 351 175 191 100 179 362 83 247
20 159 289 320 234 70 131 45 41 257 263
138 63 20 240 282 262 135 278 114 297 100
74 131 1 2 2 2 2 2 2 2 2
181 151 319 200 329 359 357 235 20 114 219
345 179 187 214 99 256 302 133 172 90 156
148 73 45 266 223 316 191 101 89 35 242
154 173 57 293 100 4 225 136 278 221 165
88 277 81 75 114 316 60 351 244 157 53
246 185 131 308 209 353 210 94 98 30 130
364 254 200 99 172 307 153 270 221 364 266
300 114 137 356 187 51 113 73 218 329 46
71 329 101 262 295 168 17 61 79 3 153
358 93 288 103 165 321 314 169 11 261 313
244 83 263 177 204 88 207 306 137 36 285
226 119 163 166 319 62 329 168 125 19 78
209 270 51 336 63 165 366 197 15 306 367
81 240 318 136 241 298 332 110 307 123 203
293 345 236 175 181 0 338 307 225 5 234
352 187 367 328 78 314 36 209 227 72 183
6 223 201 41 313 7 337 36 331 321 127
184 351 42 187 150 41 361 87 223 299 44
180 234 327 101 38 332 103 44 93 233 153
179 217 208 68 123 161 87 334 156 95 207
300 147 264 259 116 226 102 323 368 258 31
224 124 274 227 204 156 69 367 131 0 27
245 333 53 267 269 92 228 183 293 318 17
275 231 114 159 263 161 216 129 140 88 237
19 143 265 65 6 81 184 133 140 221 41
262 341 92 314 253 47 277 323 320 234 95
248 31 269 134 300 222 33 56 41 300 100
175 180 270 226 96 161 142 286 142 54 95
320 178 154 345 226 314 289 290 198 158 91
254 308 337 304 285 341 113 15 271 229 317
258 338 88 151 280 182 29 188 236 59 222
140 59 191 246 18 234 140 174 286 277 190
196 364 340 17 4 229 122 291 326 94 129
108 185 277 326 93 336 298 148 73 209 253
193 148 3 95 168 324 298 191 152 182 149
157 355 144 315 309 164 200 341 45 303 20
337 63 190 113 312 145 26 152 250 78 176
140 331 116 248 362 343 209 307 252 144 79
193 85 246 324 204 111 327 231 223 19 237
332 172 322 11 264 89 135 243 2 92 351
362 39 83 168 35 256 52 30 105 247 46
201 99 194 81 290 256 258 257 182 218 45
167 318 163 248 144 34 239 108 25 84 99
344 368 110 185 252 158 299 97 222 334 161
63 126 308 258 99 194 191 41 173 7 112
350 163 317 182 191 349 239 294 152 238 202
266 146 345 35 304 160 127 34 36 33 204
200 60 71 346 280 166 34 362 128 30 362
51 87 154 71 214 63 279 99 193 322 6
219 99 114 366 331 317 62 93 156 234 3
316 352 246 256 108 332 314 83 285 298 144
59 214 189 122 359 369 271 94 271 246 108
350 18 87 249 193 144 263 198 220 78 50
76 156 213 179 364 173 115 188 318 213 352
145 245 366 273 231 240 127 122 77 210 62
194 310 90 326 141 54 175 314 92 258 174
323 144 270 215 362 220 180 119 230 73 46
315 188 216 357 259 301 195 35 155 117 31
352 284 11 51 367 82 167 39 150 101 147
