1854 815 1357 1405 1057 1825 1314 1950 523 788
951 89 1471 1796 952 730 8 245 1733 591
315 136 1510 1394 1536 1715 1213 1652 1608 1925
853 955 125 425 301 1228 1005 1118 215 862
1221 1983 36 880 267 862 1355 1669 1621 1067
1854 693 904 1785 1295 1444 767 1184 830 823
220 1004 1721 1535 1702 1777 1555 552 1741 1487
783 533 1365 253 886 1303 240 1420 533 1836
1388 914 297 686 328 693 1729 169 591 1930
853 1871 828 451 490 1995 1221 1428 1023 1130
1545 344 1101 447 1652 1937 383 233 725 215
240 1972 218 1267 723 1065 574 1743 1555 1882
643 159 1348 672 491 1758 1456 783 74 552
1221 1471 1887 1887 289 1499 1899 1536 138 1625
2004 534 716 472 357 325 31 12 871 1728
1159 1519 92 780 1611 1348 1253 1771 1762 666
1917 509 750 713 512 24 1767 373 1672 325
1603 1685 301 917 1750 1016 1346 512 371 350
140 208 1960 1555 1600 1567 1973 89 628 1090
1231 1342 1516 1637 879 874 998 1067 729 269
1715 664 1155 1950 209 1103 1118 1839 1722 825
683 455 624 373 1059 817 636 4 1349 546
552 641 795 729 1672 240 198 1179 574 477
315 136 455 544 100 1917 1548 1778 71 622
984 1227 762 1481 1130 1552 288 1484 1478 546
315 531 1471 402 635 359 1339 279 343 1388
1889 492 270 1770 663 614 1457 243 1149 1796
315 136 1510 1926 1531 1322 1055 343 1966 1588
1893 1817 54 1984 1508 1075 670 109 61 525
590 1692 1120 67 821 428 1868 466 706 152
1893 782 466 1006 1118 1271 89 1698 717 945
1383 756 1089 1669 1568 1403 270 373 1457 252
1911 970 897 373 1721 1510 1328 1396 960 723
853 1905 368 697 455 697 879 636 1735 1984
1221 800 1195 1648 590 919 1554 747 1710 1211
1388 900 1702 686 1919 343 1260 206 917 357
270 1097 243 438 1305 1159 1893 653 1642 226
1934 649 554 1401 304 855 1595 107 373 1182
315 531 1864 1097 527 455 1281 571 664 507
853 534 1393 1077 1535 89 1221 243 1568 365
315 1850 531 1098 1557 81 870 525 1286 1538
643 747 1799 226 1375 509 233 1611 1667 842
382 382 471 1247 1192 1785 552 706 883 1097
1893 1887 299 1685 587 132 1992 1089 1429 109
853 1234 1286 1649 1771 1267 970 1243 1646 353
315 136 521 971 1117 1510 704 1580 1557 1231
44 664 1930 428 301 1539 1945 1621 1954 825
590 931 830 1372 1555 1432 141 1416 261 1637
1527 373 1448 719 1810 1104 587 588 1286 807
668 644 451 1033 152 1883 1771 1458 698 214
643 1742 1956 112 1340 1355 341 1442 1228 1004
1070 1907 1304 1773 1664 21 740 1173 1967 80
1487 1777 1777 1496 1332 1417 905 1743 1975 1191
1636 866 1160 1360 910 1882 972 1672 828 785
853 1540 31 939 1790 1231 139 526 1388 519
1211 1300 836 1672 780 770 1355 904 1880 100
701 159 367 800 506 512 1149 1860 371 713
1420 5 1145 882 650 1367 1908 1636 1234 1252
1911 1897 1015 455 1057 628 847 737 667 643
1502 1935 558 830 1945 1021 1243 211 777 128
1763 1528 455 15 133 373 1672 472 1221 24
1893 1567 1348 477 1457 548 765 1870 847 552
1722 1913 192 301 643 1107 1380 1316 996 552
1388 1697 1008 653 643 1231 1983 1352 577 850
1911 1037 1405 783 945 474 750 371 1493 560
544 139 855 1654 765 536 664 372 1391 1241
130 1090 788 243 965 1182 1983 415 1318 1669
1011 833 1573 951 1744 124 1087 1089 664 1216
1221 552 262 868 1179 392 847 783 375 1823
853 1691 1457 263 427 377 1004 531 250 966
315 1594 1897 778 1661 477 971 1713 862 1428
1911 520 1034 1603 1722 643 248 1357 1855 1983
169 108 978 743 955 565 376 1652 1990 743
301 1294 552 1732 1866 520 1052 1377 1714 238
1941 140 1691 1011 540 115 1109 601 964 1221
1911 240 4 525 853 1950 1634 1794 1628 1231
301 1539 210 1103 523 1960 1248 1471 1149 1182
325 367 1531 1919 1416 825 1984 2004 1239 279
1854 1471 158 1665 239 70 982 607 1545 978
1221 243 706 299 240 1893 1286 1124 1238 905
533 880 1743 507 107 50 447 1215 1282 1354
1048 1603 1067 664 1893 1746 238 1231 480 297
941 1286 263 1653 573 1790 213 790 1567 30
382 1118 1048 800 1745 1924 1950 904 1070 340
624 301 208 1388 202 827 1194 343 444 1182
240 226 71 304 742 531 326 1787 1187 1070
128 923 1405 591 910 764 360 1507 1692 1937
240 1972 169 1761 1874 357 122 1792 634 1415
1349 1887 73 530 1961 1118 1535 44 531 1004
1437 1132 1129 399 464 1885 1726 1567 757 301
1020 264 1113 628 561 1598 1161 464 1104 1188
486 1636 1509 1938 1428 332 1771 1383 1457 1448
1815 1308 1555 628 1972 4 1357 109 441 997
158 248 745 1681 685 1231 1722 148 764 215
625 1887 920 1555 1087 658 1792 565 910 1722
1221 244 525 1499 866 1956 1365 825 71 1999
626 1471 1601 1221 1954 1524 451 1349 244 1871
498 1569 1305 119 796 247 1930 92 962 82
1020 1510 666 1711 125 1796 589 80 1930 1008
315 905 572 590 175 1671 773 4 1857 1273
133 1471 1051 1311 1555 1090 780 1273 1120 1854
830 1911 800 1723 96 1492 1802 1399 1695 80
301 917 1666 1099 611 910 50 502 1100 1406
895 893 833 1886 1714 1416 1966 164 89 325
853 458 279 1221 998 86 1497 577 1956 1216
498 54 1239 205 182 1388 62 1568 1779 462
1652 328 693 212 1977 1960 1713 261 917 1750
1554 913 1472 1726 1637 419 1357 120 373 1102
1471 352 723 474 981 82 796 1102 839 57
910 1673 1364 770 1620 144 99 730 1233 462
490 1695 65 533 694 540 1331 1241 1639 1882
830 644 1230 428 1555 341 257 1050 1935 1100
1471 1282 202 1802 533 577 233 1535 1967 243
758 1745 1252 279 1956 821 1295 41 1013 699
490 1312 396 538 147 519 1037 65 904 1887
1312 746 132 588 1671 37 4 1972 1697 253
1221 1776 1636 395 560 1167 1230 670 326 1936
1652 1103 881 970 1699 783 410 1212 1405 244
47 1246 1155 90 183 1665 260 461 1019 1248
1911 1962 1685 301 917 825 1246 1868 1031 636
1304 942 1729 1253 1979 843 559 1328 1652 1230
328 1231 1362 1084 253 836 1512 1279 614 1713
1773 789 732 148 701 1307 1179 871 1158 1882
1941 159 1109 664 1761 166 210 1652 1599 1966
491 1515 274 599 1122 1913 89 1118 596 373
169 254 1860 412 992 1966 1722 1669 1405 1553
281 1657 936 1000 1423 1594 1576 480 595 698
315 136 455 1885 1667 529 50 840 1388 1066
47 440 1476 1469 650 1522 1958 1364 118 971
830 1567 759 1467 1471 830 1783 159 1990 670
130 1732 244 777 1510 1923 1801 1157 145 1661
1941 1893 1887 783 1919 969 1180 744 1672 367
498 1858 130 186 1090 1522 1288 1328 1446 1766
1763 1966 1478 1002 413 698 530 643 1284 1723
272 734 1638 35 767 1178 649 339 1457 1279
1545 1510 1661 1028 1478 1089 1672 1528 1196 1535
1135 1405 602 599 174 677 141 918 1963 80
1420 670 1554 685 1483 1411 166 131 622 376
625 560 1130 632 1926 148 880 890 749 341
1471 690 1030 7 1694 1084 1084 1013 28 1323
315 136 455 151 365 583 1510 1268 689 247
301 1539 112 803 158 1411 1973 99 490 1056
1080 1453 1281 1813 1769 1393 530 1047 1099 384
509 718 482 571 427 862 764 1138 579 1449
1763 1966 277 1561 109 1833 611 253 1840 1936
281 746 1130 1012 583 698 31 1382 1178 1856
567 1118 462 186 1259 1261 1020 833 1051 694
1020 611 1743 1394 1767 1886 764 668 113 306
1605 1278 903 1555 1632 368 1870 1833 666 1947
1349 1763 1527 1109 544 328 491 549 1967 1228
7 1893 1962 455 1729 1510 569 850 152 1966
853 1250 1202 1780 729 100 664 503 1614 1253
683 1561 1258 462 109 238 788 315 531 583
169 1216 80 1621 726 1294 1859 412 694 1783
1685 328 770 853 1810 1862 285 1292 1873 552
1854 726 1405 1793 1966 1700 577 1966 782 1103
490 1648 664 1694 1273 1102 1895 883 1339 1334
1499 866 590 1142 211 50 1251 648 1533 1946
1652 160 544 50 100 1227 429 233 1336 762
1463 373 1021 193 121 526 1672 1328 1396 1656
226 1806 1693 1347 1811 480 61 252 1273 1914
1005 862 783 208 1618 268 1696 1522 1495 732
326 552 1099 1365 124 1246 108 737 1783 1580
742 697 770 1843 1555 1121 1885 1111 21 474
315 124 1171 1265 526 1388 558 1694 1667 1018
240 756 525 1351 164 614 1921 407 373 1457
315 1204 348 18 982 56 694 1084 1806 1089
315 531 1576 1322 1067 1741 1499 533 1487 319
1893 1102 1450 1337 991 866 1722 887 1510 904
917 1750 1065 1305 1022 1455 1548 448 1880 1863
1988 1274 576 315 972 1510 217 906 1376 455
2004 121 1643 315 565 1547 1780 509 428 1967
1708 542 1313 501 509 1159 1304 371 1666 307
410 800 1799 1800 684 548 1394 1084 614 729
1048 1722 31 1943 158 1106 1504 402 1273 441
1471 1591 1349 1767 373 492 1223 1223 750 246
552 1966 279 723 1243 1531 52 982 4 319
1290 1874 1930 428 1182 89 332 35 967 1640
1229 1555 455 373 1682 559 866 770 833 1133
1502 160 1895 1713 455 1707 1834 249 1381 1224
1381 747 1154 1386 627 1023 242 1478 54 1882
1221 552 524 115 1471 1442 655 632 315 1178
315 373 1672 464 1424 474 1480 428 1510 447
130 571 1008 1192 136 260 150 1175 1899 796
1605 1552 137 1021 1503 100 1469 1731 575 97
707 1508 1388 433 48 1369 1365 124 1118 35
1954 1627 904 1745 673 1638 413 304 233 698
301 574 100 1711 552 30 1882 1688 1907 1710
951 1510 1983 1966 1478 627 1713 1874 1557 279
301 1408 1357 323 1636 1880 1394 1230 1780 1911
301 706 214 1509 402 279 830 1858 955 1744
365 1557 705 1451 1446 1855 80 1780 1694 1993
1893 1967 1129 533 1243 13 1219 80 890 749
89 1510 952 1963 1089 20 1926 1023 1243 148
315 474 1164 1887 476 1950 1129 164 761 273
315 531 650 1987 1492 107 1672 340 178 1089
1135 462 1710 1698 1634 830 1179 533 1171 763
1722 1231 1671 350 1294 1401 1837 1620 548 1383
315 136 455 151 896 289 1142 206 1243 1723
328 1231 1973 55 1967 197 1691 286 976 970
706 664 770 1469 1974 1055 972 1958 1229 80
490 1235 81 1452 912 1405 1143 1672 474 833
1135 1698 1090 1974 1055 455 477 1103 1637 1611
315 461 1672 247 936 1743 1321 455 1214 373
533 1394 1997 1029 1652 1138 1030 1516 932 1304
1092 337 1000 1635 521 1652 1118 1047 109 796
1984 320 1294 1216 554 583 855 447 1799 98
169 800 626 742 1405 1067 1621 1873 348 969
130 571 1858 1216 1435 522 552 1778 552 1524
1298 193 455 123 740 182 292 115 706 796
141 370 1257 1527 1411 1555 1817 166 66 455
315 531 498 18 880 1893 954 122 1765 939
1911 423 1852 974 1138 446 1713 1457 47 512
853 1603 244 588 1568 985 136 455 614 1268
1722 210 971 1108 75 1640 918 920 1620 904
1349 53 1406 1310 904 1132 531 1634 123 971
1420 509 449 972 1510 677 141 1974 631 767
1893 1180 1614 1535 1960 508 532 301 1067 783
1854 610 783 469 591 1243 1531 52 2004 1102
853 955 1196 1603 1067 1710 315 1555 355 1895
270 1591 1044 537 1118 1794 575 1226 1710 1485
301 1795 1555 89 1118 513 1945 635 1958 164
1020 882 1790 1780 136 1510 1500 89 1118 122
1954 1642 536 914 2002 1947 1729 341 1794 1791
1763 1691 1503 297 686 315 35 1180 951 456
830 1471 126 860 1524 1011 509 1652 1138 636
315 673 828 633 571 632 800 1449 37 732
1545 984 62 552 948 922 1800 136 1510 118
686 864 1646 1732 1216 596 1107 588 546 744
1502 73 1551 1761 1567 89 2004 1691 104 408
1221 502 395 1428 1773 1230 1860 1155 927 206
853 670 1216 1945 552 1493 1087 1460 417 1522
326 1786 1089 758 1213 1312 301 1539 1973 343
1715 533 1872 598 365 1273 109 1458 685 426
140 1660 1681 147 830 17 1677 729 768 86
1941 1252 800 18 279 1499 1014 116 132 590
315 531 752 675 412 1895 664 1067 601 898
315 531 1406 233 961 1022 1882 1177 417 1780
451 1990 666 1151 208 674 1667 970 1067 1382
130 785 1300 1440 1637 1830 64 1832 1738 633
1221 1983 1273 558 80 1780 1460 1759 961 1273
7 1713 1816 1231 1581 705 71 559 664 600
315 1109 1262 1554 1698 342 1864 670 932 687
1437 1742 373 1253 1771 1510 1822 432 247 1943
1502 1214 1731 1893 446 1722 1882 50 342 614
1567 1652 828 796 488 1388 395 1031 512 24
358 894 771 1442 4 849 706 1691 650 658
1388 1765 1996 880 1341 340 862 1351 343 363
1420 833 1886 1333 793 802 1972 455 38 614
1635 4 1691 146 419 50 320 1896 1334 1997
490 1078 1777 705 1698 1025 1917 1543 1513 420
853 490 1198 226 1216 1442 1652 1837 1106 1960
315 17 1737 1726 1672 697 1594 238 853 41
1954 1478 240 198 1302 198 462 1220 1230 1879
89 1388 1003 1182 800 502 1388 1802 201 726
1270 1710 632 1866 1067 1239 596 211 730 564
1349 33 852 762 1018 786 972 1926 1784 1411
1854 1885 262 1213 1312 1983 373 737 576 461
1469 223 130 376 460 1442 1504 1089 664 801
853 694 804 643 1893 1238 668 1471 1243 148
315 136 455 151 1885 260 1248 255 1313 1273
1715 1416 355 984 650 1515 270 1420 658 1694
11 1347 1230 936 1548 1935 1182 1770 1114 1281
1911 1977 1767 1975 1943 244 1871 512 1305 531
1911 1713 441 1773 240 4 1548 1827 1637 1318
1221 243 605 229 574 1163 1032 1682 341 1498
984 315 565 4 109 833 123 664 143 1225
1958 552 1058 1394 1893 1622 107 1722 1355 50
722 1234 367 1347 1267 1192 1225 1102 790 527
1304 942 1028 187 1015 455 1057 1291 737 614
1420 1536 1597 1721 302 1694 1858 1728 1048 588
1715 706 1314 240 1722 1698 1961 759 2001 1732
1750 1911 1673 462 1011 4 118 428 823 1439
1941 263 970 13 1155 118 1393 402 1996 924
706 1715 1283 1661 1568 904 1143 1490 1412 1993
706 4 332 1713 583 1449 1418 428 633 82
253 653 1148 800 1672 1672 917 31 407 1260
1722 1471 1485 1175 1987 1080 481 428 1969 1743
853 50 1160 1365 653 1567 244 1704 512 64
396 1691 80 512 24 969 1635 1008 533 694
853 490 686 565 998 742 1958 1363 1771 1008
130 951 1722 1877 1510 852 169 111 1011 1806
909 742 1067 286 823 1412 433 951 407 821
707 1911 148 1858 1314 1983 1986 1155 1743 1745
704 1935 1377 301 817 158 1830 795 415 913
1221 552 1830 626 1714 664 609 828 230 240
743 67 1164 1252 227 880 830 371 81 939
490 233 279 548 1394 1107 1508 1388 1917 1296
326 1735 1437 1408 82 1292 455 978 168 914
1636 1893 140 340 1538 1460 502 1225 1732 39
326 771 1192 1286 1923 673 1746 446 776 1254
758 880 1761 341 1854 1567 1728 1937 274 148
1502 1898 24 729 842 734 373 1692 1120 273
1011 1348 908 326 1956 1365 1723 544 100 664
1058 147 830 752 279 1574 520 536 244 1744
1135 507 1535 643 252 610 1895 1423 1265 1126
1672 1222 770 1830 1713 1216 1151 866 1141 113
763 1273 485 1998 1555 1907 1469 1750 786 479
830 240 1860 1555 1097 1972 455 978 1084 1792
853 520 315 1120 607 1510 247 1341 744 876
1179 1538 610 1230 63 123 931 1294 414 1744
226 1638 1950 1282 164 683 548 179 860 1555
853 402 1044 341 868 243 649 1616 1245 126
1893 1230 703 1377 301 357 880 1821 697 212
1934 472 917 900 531 796 883 1776 1714 972
1620 1777 1777 1777 1449 1822 1824 1851 1726 1714
1851 315 531 917 304 782 1076 833 1713 1870
552 1130 822 1300 1214 1656 531 335 1067 554
315 206 770 765 343 1858 1216 542 1746 1568
130 1412 376 530 1070 1360 1999 1888 1729 1102
706 380 152 598 455 758 407 1738 742 152
1851 706 341 1790 544 1344 681 455 1698 944
1221 243 706 50 1406 2004 862 936 428 159
1221 243 706 50 447 1513 690 1743 1697 1555
1027 1537 301 917 341 288 1524 1106 100 668
1420 510 1230 996 507 548 1411 1488 1102 661
1243 1692 1286 628 422 531 1273 190 1231 6
853 670 1600 768 491 588 315 1178 695 1780
1020 166 1140 1180 655 588 800 758 834 1891
7 1985 1824 1118 756 55 24 1567 1973 343
1941 416 1967 1522 1786 1302 1982 971 366 627
853 1328 1394 252 523 97 525 1304 1648 1570
315 1827 263 1793 880 626 1142 860 323 477
1911 1409 422 531 326 1870 1394 252 1926 455
382 1658 1531 1526 377 1502 1155 302 1863 904
367 1677 1221 210 443 635 1694 1361 1013 446
326 828 1635 48 729 365 1382 1729 356 34
1020 1234 1457 62 948 195 1041 862 253 1228
706 664 1544 765 600 897 625 1887 1130 283
1941 300 1155 1889 253 432 502 1120 1846 1164
130 1182 548 1621 1591 401 939 1406 1468 455
856 664 70 1220 1815 627 1877 1639 1251 917
1502 1109 1411 1525 1348 664 460 1726 1138 1642
853 1691 1053 31 725 548 1167 1935 1775 725
1405 922 1743 75 1230 961 1155 1615 628 804
633 610 1253 1983 556 1160 395 1973 1919 1268
1304 796 501 1818 554 1148 1741 326 80 939
1875 456 51 730 61 693 1475 1267 1634 856
984 552 1569 1626 540 1331 833 1103 967 1661
895 286 1723 1080 1048 446 240 427 376 1231
914 415 57 1796 240 723 18 880 533 694
1893 1846 622 367 1230 506 1004 1975 1858 536
1854 664 1561 887 670 1183 1737 243 1959 1552
2004 1926 1304 315 1178 1388 1834 1441 1029 1294
1135 13 274 161 1844 254 939 786 1722 1493
853 490 1695 759 350 1046 842 1120 1879 247
1941 281 340 825 665 1138 777 1405 723 148
1437 1868 738 744 1264 765 1736 135 1776 340
490 1056 664 874 428 1548 1510 490 599 21
396 1388 1273 4 253 100 193 1281 339 506
583 649 1510 1926 971 904 663 226 1000 856
1789 567 1919 1018 1188 1462 1652 653 742 136
1635 971 410 1360 481 1979 1304 1155 1882 1899
1469 53 1744 1895 624 109 883 1084 1381 366
1881 1070 434 927 552 698 206 18 628 214
1479 761 744 1672 1694 904 1230 756 1227 417
832 135 750 1897 786 1510 1426 50 1261 533
853 1691 1625 115 972 918 1983 715 1357 1513
984 315 1488 234 252 526 1388 139 830 1443
1941 1763 974 1451 1745 1229 876 969 402 635
984 667 1179 321 1031 1660 1417 1118 509 1789
301 1776 1572 155 18 858 107 833 705 1713
853 1804 1274 552 214 1011 190 1594 785 343
1722 148 383 301 1294 1294 1987 91 288 1943
1349 1070 558 1130 762 362 107 1850 1104 796
1911 1515 828 1274 1672 1899 1178 1097 1359 664
1672 118 971 914 260 133 1305 455 1927 971
367 1984 1983 168 89 1216 125 303 1978 864
1652 810 126 1911 1515 455 410 1348 509 777
161 1450 1948 1090 43 1958 477 47 193 939
830 451 611 744 1694 18 1487 1714 1055 1335
141 1405 1681 1722 1130 1707 1732 1848 1451 1839
984 917 1750 920 1100 653 211 901 451 1669
1722 454 428 533 447 1182 910 408 1168 1567
1977 91 89 1118 24 427 1383 1076 1652 332
301 1636 880 1164 130 116 1728 1669 1405 1661
240 1800 1478 1069 1383 783 109 1967 565 168
1763 457 139 694 37 22 1251 715 118 1666
899 99 1930 879 1887 206 205 1581 130 1083
853 26 1636 1046 1997 1925 400 1046 484 288
783 574 1517 971 866 1539 1982 546 1212 1405
394 1471 477 667 1302 675 341 1758 279 405
206 444 96 1273 531 705 1527 1267 880 1011
2004 1460 1603 905 978 1978 1853 898 828 1852
1388 98 1988 1142 1851 1973 380 1917 1457 1633
130 531 1854 1773 439 1938 607 1510 383 1652
1476 211 1478 939 1013 723 1178 1531 1221 1161
1765 1341 340 531 1591 1863 1773 1544 1801 1077
1811 1117 1084 1767 643 1509 402 1640 373 1631
633 82 1882 523 377 1988 120 1950 1510 694
706 265 838 1365 910 1246 884 684 1690 1025
1685 200 828 197 1824 523 862 1713 1893 1666
1795 99 1104 406 1591 12 689 394 583 1555
853 639 1328 1041 304 1973 1493 1568 1972 395
1471 1530 443 1935 1576 747 1710 737 749 1742
1548 455 444 1984 454 1734 1924 843 341 1726
1636 574 1783 1365 1723 1750 1669 1346 1510 472
1373 891 1508 354 1055 553 1082 1342 140 376
1179 509 198 1159 206 766 521 1442 1956 253
293 1761 1084 544 100 1569 1926 1917 1530 1722
88 1070 341 1713 670 402 495 1672 1858 1347
1502 1625 1492 1836 1351 373 866 940 1820 1811
1893 1935 2004 1768 980 80 6 1899 1394 408
1048 531 151 4 905 373 1356 961 1122 1262
717 1694 444 1394 1597 1065 514 80 206 1462
315 559 564 1230 1027 1493 253 765 972 984
875 1948 1510 206 520 563 1657 1913 1745 552
1021 1028 1346 461 840 883 1672 749 523 462
315 136 455 151 694 1066 506 1993 1385 1893
449 214 560 713 179 1383 477 664 195 1569
984 88 404 1763 1510 1109 1109 601 1632 279
1641 1109 1832 325 1294 1243 1692 830 1289 92
498 1917 1722 634 276 182 1670 125 1717 378
315 559 964 1196 1405 1492 1629 1492 1767 1330
490 1945 396 81 571 1983 892 1519 1796 1950
1722 1567 118 866 958 256 1869 373 1376 455
1889 955 206 1777 1117 1694 664 301 1767 194
451 301 917 31 1943 618 315 474 152 1691
326 1854 635 1008 1304 978 1094 1763 1555 413
288 107 1792 1305 455 753 1537 556 1762 139
88 301 1987 832 549 1873 734 367 980 1130
237 1713 1960 288 1305 640 1973 1458 1011 4
1349 1316 1405 499 654 1590 1510 1265 1799 116
1917 341 1190 588 1052 1435 193 830 904 1711
1763 1089 1040 1642 905 1743 1333 215 853 629
130 116 1510 149 1858 1603 1694 45 1221 914
1934 1915 664 1056 1200 729 1780 1538 2004 210
703 533 1567 958 126 461 599 911 1219 680
315 243 1905 147 830 1388 1067 1113 193 1682
111 157 1294 830 1104 340 753 1555 573 434
77 961 1973 299 706 1139 1031 1243 1015 211
315 1109 540 422 100 444 160 1959 1294 1328
1502 1142 139 477 1665 1883 1405 838 1231 1983
1388 349 1698 1118 1637 1504 455 1471 971 159
169 683 243 1726 512 1983 1858 130 1484 739
977 1648 1999 341 1601 373 1885 1713 1567 314
490 612 1895 1855 533 416 139 1230 1298 13
236 1341 1635 100 664 6 1825 1756 1460 1858
1420 800 1061 1926 148 1620 711 472 1510 1028
853 96 1940 50 100 664 512 1774 1538 1231
1020 264 1013 1692 1648 1273 531 1449 1966 1789
738 274 1130 504 920 870 1230 1194 670 866
1715 697 1005 605 1090 611 204 1090 1417 622
1789 1216 253 233 786 228 1999 341 1755 716
1070 1090 365 438 280 1011 614 319 571 552
2004 1090 755 670 488 936 1163 211 1089 1809
301 574 50 880 1877 1510 1102 655 275 157
1221 240 304 745 1661 1982 964 1363 1885 1726
7 301 1570 752 252 1462 412 976 862 1568
1699 706 123 984 1231 1983 1356 226 777 1637
315 136 455 151 790 790 190 883 100 260
853 1745 1537 552 1392 1966 1279 1648 823 1312
315 1109 1411 1766 777 986 791 179 825 822
533 1967 80 1284 290 768 428 1179 749 1242
1349 719 1966 1663 1305 310 1698 1672 1388 1717
533 455 176 1455 1046 843 1238 299 65 480
1941 875 1510 490 599 1439 301 1614 1670 765
1945 301 550 905 1738 1780 1854 1832 1743 694
1502 895 2004 1555 1406 1966 993 92 628 1661
1528 105 341 1208 686 1231 954 734 1186 1435
105 243 783 1070 1406 1090 1099 472 526 860
1161 233 1637 782 286 876 479 1887 1118 1243
301 1948 1538 1279 1795 131 765 31 807 1636
1956 1230 248 1765 1069 694 275 1210 1428 498
1027 1221 763 1982 664 1671 139 1936 968 1555
1911 1252 438 1305 883 718 1211 408 853 50
71 1935 1732 1691 1412 1291 314 114 538 1975
1535 1887 1471 1104 1348 1261 80 1930 1065 1634
1349 984 1189 1788 1192 1637 1216 382 244 1634
758 1966 1669 261 261 917 1750 925 1220 1383
1221 243 1765 1597 1423 133 1251 694 1975 1567
1636 1536 1773 1388 1535 244 1997 1762 244 833
240 1230 111 1179 100 992 1647 399 1118 1966
367 299 1333 1119 1436 1215 343 728 636 1768
1638 195 205 821 466 1671 123 1717 1770 686
1658 1652 1178 1661 544 249 440 101 610 180
1715 649 1510 226 256 1697 573 2002 1695 1535
326 80 1928 64 1499 38 1548 1658 1652 666
281 830 161 526 1388 1247 643 253 1880 274
326 1838 1159 658 971 1642 1349 1637 1181 1152
315 1844 558 1469 643 359 1159 138 1972 1155
1865 664 1767 951 1789 1958 210 971 1132 598
683 1031 967 13 1230 1837 1033 1655 508 1405
253 1261 401 1761 1440 279 1228 1972 1493 1701
1893 1177 1155 927 970 862 525 18 1464 1028
1221 1388 1990 1611 1587 1245 1669 402 279 1692
130 1312 1813 472 1858 746 1278 539 434 730
301 1635 1021 825 1895 808 1513 1780 1694 1796
1135 1958 1394 836 850 1130 1818 1510 1926 796
1221 1636 436 1555 1538 1225 1102 502 1930 335
1535 1887 870 1950 1165 892 1234 657 951 1881
1349 1950 1999 509 1159 1413 706 627 275 1423
368 911 244 1307 464 783 126 1346 1621 61
816 1349 1637 1417 1743 206 1178 1068 289 825
853 683 1770 1432 830 151 1349 474 1966 1279
315 531 315 1691 1967 197 1967 1077 138 113
1349 820 247 6 396 1691 686 1349 405 462
853 490 1652 1513 1504 402 703 455 1423 233
1221 243 552 50 100 78 1837 1636 1536 1669
1715 1635 1411 1890 838 1966 1725 752 1348 1791
315 1691 785 410 1956 1822 47 1880 810 506
853 1118 744 1672 457 1182 832 396 577 1516
301 917 1120 289 342 317 1858 1951 1538 1231
753 830 879 552 833 286 1759 1248 719 205
1104 1988 1313 1705 1742 450 504 1130 283 158
1349 412 462 1735 1040 236 1261 756 1299 788
1911 1958 279 1846 1866 277 39 424 251 1292
65 383 1056 1096 1858 1089 1738 552 1348 138
853 922 833 918 1179 1587 1796 1291 769 994
1221 243 1816 1769 1836 1377 512 1226 1200 1745
1941 1715 1328 270 559 607 191 1438 1801 1538
190 375 351 941 866 1236 904 1462 1503 1568
1795 643 1365 1887 1828 234 1481 198 531 1569
301 226 1637 343 1864 1315 455 1455 552 1246
130 1087 658 479 866 1478 428 301 1734 787
1636 640 304 399 678 1491 1983 1178 341 1628
1722 1787 1394 1694 965 304 459 602 664 455
853 490 1044 787 701 830 121 1202 1130 1012
1281 1935 1048 777 1405 635 1606 1599 1205 382
853 96 833 716 1679 1150 103 1150 410 799
1893 99 1868 664 1561 1555 822 1907 1319 1810
1420 1209 842 128 109 1714 1880 1786 1569 1882
1221 984 67 366 523 21 1794 1866 1225 1224
1652 1179 573 552 52 1810 499 1567 639 1253
315 136 455 151 1687 1743 1224 1273 1595 1882
315 136 123 1591 1246 1098 1032 1046 1510 1555
782 1305 1694 1858 1321 1084 488 1221 1228 1011
1015 211 1691 146 341 97 1230 1685 28 140
490 434 1965 1216 1248 765 1525 1722 241 1776
56 1769 1966 1279 1880 325 904 533 1963 238
1699 862 1691 1428 70 1405 1988 455 1947 38
533 1855 1717 1860 455 790 1776 1555 1442 922
1221 243 917 1018 335 142 18 1648 494 1253
1893 119 1067 979 320 289 125 1041 847 301
198 972 301 1296 214 853 1691 1983 190 1515
634 414 1405 1974 1397 1548 99 1213 1198 1956
130 1428 831 531 833 1450 555 1221 285 1870
1694 1750 951 410 1761 701 531 474 1569 343
1502 1742 1821 1234 847 913 1172 1734 826 1142
387 1567 1351 1179 67 254 1743 1925 1802 1508
1893 951 1882 531 1852 879 1983 975 1802 533
800 1009 1383 971 283 340 1515 1548 1469 343
490 1648 1977 35 1893 382 1947 237 454 373
1708 1969 838 798 129 1536 1669 1147 1648 1253
301 365 1750 706 783 1622 1033 565 1961 1118
1603 1067 1198 1388 951 443 1681 1355 1531 477
1420 533 228 783 866 452 1273 30 367 1884
1722 765 1722 53 1694 1239 674 1382 343 636
99 42 601 1915 1743 1177 697 1065 57 1770
1636 583 129 428 715 1682 1155 1000 361 734
610 1510 1449 1940 1417 1180 1438 670 969 1796
47 1943 1412 501 1738 244 1208 1355 1228 1221
1941 634 428 211 1089 1956 459 455 259 546
681 860 183 1573 639 1535 1705 1742 1950 1100
382 664 997 984 1968 1467 1667 1580 1407 233
1221 1388 1357 392 38 1568 759 1999 399 451
984 1406 1516 1535 1705 1015 635 1273 1099 961
853 50 233 711 1744 1962 1685 1728 1510 1177
1058 1161 1854 444 622 481 1253 1048 1346 1967
1305 455 1148 1799 490 1874 1383 252 586 413
951 667 1879 544 100 1743 1394 1328 499 1531
1070 996 643 1669 417 1261 1732 548 1281 302
1148 1738 1117 879 1104 635 126 1230 351 1165
1179 1370 1251 210 694 1346 512 109 1451 1424
726 1259 455 373 477 1611 1253 1868 4 252
1221 1471 744 1015 1247 533 1030 1341 1385 462
130 598 1314 706 1950 778 1743 1220 729 682
490 1528 1698 201 711 127 1476 455 1102 1895
770 1286 1538 78 1770 1745 1774 614 649 1510
1911 1763 61 1863 1294 1555 723 315 1294 1888
1911 532 1048 531 543 1234 864 694 1101 1160
315 531 1481 905 978 1504 1844 455 828 1531
1349 1362 830 1113 193 4 1581 373 581 64
853 689 1403 1931 1388 658 118 1457 1406 1961
1420 1897 1887 664 1658 1087 1657 985 1637 1514
1893 91 288 851 35 472 1956 1365 240 318
683 597 981 47 223 1360 211 1243 1405 1316
1221 1776 789 1722 1148 1943 516 1458 786 917
697 886 507 827 758 770 745 64 802 145
301 917 997 147 62 1293 444 1155 21 860
979 1715 1394 1983 1611 1713 1245 1023 1689 1056
315 337 464 1155 1642 1760 427 1636 1893 783
1388 1874 383 1056 355 1070 1148 563 530 1221
683 348 827 1531 1294 1521 289 1555 825 701
1915 35 1796 1131 1226 748 438 1537 1531 1342
1763 1003 523 1288 365 531 1299 694 1531 493
1179 365 1230 536 244 428 1243 1138 1011 1914
243 1523 1692 979 534 1481 1405 1406 233 748
832 211 1946 373 807 1111 882 1388 1698 1620
1765 477 707 1988 1887 1405 1961 1118 717 552
1911 1180 1102 122 1698 1003 1070 905 231 525
853 1603 478 1568 293 455 609 673 1933 996
1652 1163 1746 1193 693 1789 1312 288 1967 554
365 1999 544 623 1234 4 39 279 701 343
1779 1750 1317 461 401 1063 825 1943 1628 1601
1545 1272 1090 977 1648 1090 343 1636 151 1356
325 1294 455 233 585 1639 391 842 1963 573
1259 1417 1978 533 406 1159 1033 455 532 1435
190 1528 1155 455 1764 785 1636 1728 608 653
544 1800 1365 1899 1277 1391 670 109 238 233
1221 1983 833 1563 1726 343 664 512 148 852
1135 1453 1746 1405 591 1304 279 1405 349 628
1502 57 1753 552 1475 874 1492 18 1177 1966
498 587 1572 706 1149 729 1072 1449 825 1393
1535 706 1555 1234 1313 202 1313 1801 786 1776
1020 1510 1637 522 1694 387 1106 45 490 357
633 99 1868 1832 315 1296 1967 777 749 1118
1020 1173 1537 974 335 1972 1985 1839 1011 1551
1349 558 629 1873 706 1986 718 1391 147 376
7 50 1998 428 301 777 1294 326 1801 182
1388 1897 4 870 800 1150 254 4 1210 1253
14 1221 552 1029 599 455 1707 879 116 422
130 951 99 1910 1768 703 97 538 454 622
47 951 683 842 1049 882 1695 4 118 1039
1349 382 1042 1495 732 1695 1981 1933 38 1757
1179 749 341 640 1967 139 1936 636 102 1677
1911 838 1056 1713 1623 782 4 474 1524 488
1893 365 800 464 164 1509 1031 1694 823 1648
1769 833 1645 100 422 1098 71 852 1363 1417
1135 1621 1713 1099 1874 357 883 1750 765 1090
1355 1930 428 1769 131 622 794 1972 168 546
315 531 914 1672 1394 1467 1120 1841 1967 729
47 1246 371 759 1893 1262 939 510 392 1531
382 1198 830 1271 1478 1328 1510 1704 1315 670
1388 1887 1089 552 509 100 552 776 1138 1628
1216 1379 1988 913 1743 247 1292 697 830 1106
240 1972 182 359 552 796 237 250 229 951
315 299 1616 1230 1911 540 164 1661 1273 1167
301 917 1192 1499 689 657 75 304 556 1672
1620 27 1999 1758 746 1510 666 366 876 1138
1893 139 1305 729 1149 207 220 1192 1959 1294
1636 1561 2000 1767 1033 1935 1508 1388 512 1305
1652 1745 148 636 825 1697 1617 4 50 100
1722 315 1510 810 1510 315 960 1217 1930 1707
1502 160 745 48 571 126 1983 402 333 739
1388 783 1538 866 243 788 243 502 583 651
1568 765 740 723 649 1616 1510 1721 1882 704
1635 1707 1171 233 862 1428 1742 1109 7 1893
1420 1568 839 279 252 1744 1341 350 1983 341
625 1746 1210 1173 323 243 1060 1628 455 1707
1349 1704 1555 978 1435 1221 1902 1363 1787 526
1221 552 220 1746 1568 1780 769 1167 1935 1383
1420 89 1155 1510 1520 1425 1962 323 1230 240
1351 373 918 438 1509 1160 1637 1691 1743 279
1148 326 1406 256 1216 1967 26 965 765 887
1216 1880 1870 214 698 555 229 1292 1958 673
533 341 1855 47 1621 1588 629 459 348 976
1554 1802 233 601 193 222 765 1420 1179 1776
1492 328 50 1742 573 879 522 1178 524 635
80 1767 1966 1305 982 1510 548 528 1777 1130
1535 1887 822 1365 111 961 1394 801 1227 169
315 136 23 338 1713 533 682 853 1118 373
1502 253 1682 823 1155 1243 487 1642 1405 1679
240 1230 1722 1230 1271 315 531 512 65 558
1715 73 89 1118 233 862 1071 1789 24 578
169 65 338 315 1159 1937 918 1167 1304 1508
1048 446 1874 531 1785 1641 675 1077 1314 643
1921 250 572 830 1593 649 1925 538 22 1723
1887 1417 1895 1423 193 1732 1481 1671 1029 206
1502 1018 1935 138 1217 1669 723 499 1555 1118
821 1138 1510 1540 1766 136 1510 988 1322 1032
1272 1669 901 462 1967 550 1515 759 1780 526
783 1024 717 1535 1860 1555 137 1990 1286 50
1349 531 1259 664 1836 1840 1253 1771 643 771
1937 502 250 1744 1341 1361 1713 240 1337 756
783 756 1228 1868 4 832 881 1070 1080 148
828 853 490 1855 247 597 1741 531 373 455
1652 595 532 525 156 1967 1332 1438 698 1917
1893 169 1554 71 558 664 759 294 130 1948
130 643 455 1707 1450 1594 1661 1954 1269 767
1221 243 1067 1687 1188 1634 880 1893 1569 1394
706 1690 15 717 883 502 1694 729 880 1477
1502 375 862 443 903 1987 1167 1230 240 1636
315 1691 1409 1770 785 770 1972 1713 434 1951
7 723 1699 544 955 328 50 359 1242 1977
1715 274 498 559 212 1695 1668 456 355 1858
683 991 1868 1221 1567 462 1692 630 1809 1950
770 1743 778 332 664 1930 1635 1021 1254 523
274 1642 1328 1980 1654 1935 182 808 1713 1874
1750 1685 1469 785 851 1488 1426 1746 1568 151
315 828 382 208 986 1732 1931 1365 1553 148
704 1503 343 65 944 573 1065 857 1967 592
274 1844 1275 1885 880 1738 1635 508 508 1950
1795 1979 415 1732 1239 1120 1493 560 1780 525
853 41 866 1457 590 1691 1508 1167 1048 718
1605 286 455 148 552 1882 138 1520 109 455
1349 558 629 1997 697 1243 1567 480 234 517
54 1061 607 1866 44 1186 964 1738 979 102
394 1722 723 971 260 1771 917 694 606 1205
158 511 450 1715 1587 1809 1265 1532 1917 1118
683 900 258 1225 880 833 705 853 1691 1855
65 1548 528 1665 1299 343 136 1102 1896 512
1941 976 472 509 551 1274 552 1130 112 1732
1290 1958 977 1648 1211 1471 449 911 244 1649
1988 939 925 182 38 1969 1098 417 1215 1948
1179 1988 474 1177 1417 565 1184 253 569 1880
1179 749 643 784 240 1509 1637 1997 1811 911
1349 1637 1102 1694 1423 133 1221 1394 604 151
1911 119 1455 1560 1950 1665 1768 118 971 592
1388 1897 886 314 900 633 1868 552 299 776
1211 408 1221 664 1118 98 317 449 1585 1888
1911 531 1029 125 1761 512 1235 1743 833 767
1956 747 895 981 1234 790 1695 884 1857 1528
301 817 1215 917 376 853 125 50 578 449
315 1204 786 365 1636 1966 1481 1070 341 1707
1911 130 891 137 158 1904 373 1510 1086 1626
315 1548 942 664 402 341 1893 1522 1742 685
1336 274 1642 477 286 750 449 1780 1173 1226
1090 572 1228 368 80 1671 1679 1296 1643 512
315 531 438 1600 1926 963 238 1182 1637 340
701 1212 1405 1283 607 1698 136 400 1638 1735
281 360 776 994 210 492 1033 1691 1011 1173
920 596 373 1780 913 229 1730 373 825 1269
1420 1304 1648 1510 1471 833 880 640 588 392
1722 315 4 1884 1754 158 743 1516 1796 998
315 1827 136 168 1248 548 1273 276 1993 788
1893 147 1355 66 1228 1722 1783 729 1639 433
274 705 1422 1652 1645 228 1671 1084 7 1713
864 1243 1531 978 427 51 1758 1184 496 556
281 1178 1210 1940 1555 35 886 862 453 833
1806 1108 240 1304 1648 1211 1767 1037 477 960
1911 130 1217 428 1055 1636 1173 1616 1639 530
1349 1179 366 1469 304 164 832 1230 971 993
130 798 1466 301 574 1524 553 1827 1574 1954
1148 540 1101 343 1346 512 50 1458 263 1893
1002 1468 1261 653 312 1646 1406 256 1286 1097
315 136 455 373 1405 1679 1858 1551 289 11
1048 977 299 1544 855 880 1658 55 4 109
853 1887 564 866 977 1143 1018 80 461 1759
1911 192 531 1921 1118 1113 1777 1777 1972 730
681 703 401 472 705 853 922 905 917 263
853 325 1294 1555 1273 1077 1342 80 308 1247
100 1230 47 961 1070 790 370 450 366 121
853 1804 830 373 494 1551 653 456 1965 1499
490 1699 1822 274 1339 1966 1524 446 123 279
828 281 770 1499 607 1568 786 706 50 1349
315 531 1639 1406 474 1390 1855 961 921 1084
1635 607 456 698 1347 782 1037 398 1661 699
1806 1841 891 1516 1314 531 1606 870 774 614
920 1601 767 410 299 1930 670 359 1101 1548
853 1813 244 922 1743 1229 1367 455 1707 1267
1221 243 299 706 1996 565 1294 1555 1328 455
1148 939 1555 961 212 1972 1695 790 1382 1975
1253 1416 1593 781 1388 251 685 149 1138 1753
1002 1423 130 1777 1217 1866 1360 1999 212 850
821 791 428 1538 1256 118 1666 150 1394 583
1535 1843 1405 1057 112 80 729 415 1370 233
1135 1958 1697 793 830 1389 183 1555 508 1359
288 1177 417 697 186 1707 1846 1348 116 1130
315 498 1472 18 1198 1388 1273 1286 1504 50
293 526 174 1415 1832 1844 800 109 606 583
240 544 100 304 933 886 1930 504 746 1192
315 17 1806 373 713 1238 1118 1635 532 288
490 233 1618 990 1231 66 1118 1722 1858 1603
689 1930 428 796 1572 1388 875 1070 783 419
1685 88 80 910 100 1457 1796 1015 1178 231
1652 428 866 253 1530 725 1243 31 763 1383
984 552 1084 1990 263 1428 1723 1109 601 1999
1722 148 1118 1216 270 148 354 132 1950 972
1388 118 386 65 383 1273 4 1210 173 301
315 1917 1558 1513 807 136 1624 605 673 365
1911 1698 523 360 449 650 1515 826 1652 951
140 1173 206 729 1691 1020 1734 7 1694 1230
543 744 1672 1111 1992 55 158 1208 321 650
984 1678 686 1020 1084 622 1695 593 1695 408
1471 1611 1348 552 1401 1747 880 1016 1966 1106
853 175 1695 164 1067 1893 548 367 1557 847
315 1159 1020 1365 109 883 679 127 1273 531
853 659 343 1950 1177 1011 1791 1836 847 1435
486 912 455 591 455 738 71 1716 1769 583
1349 1914 1792 764 1179 80 939 139 1544 552
462 1948 1797 1555 1769 1279 627 1239 843 1603
765 993 1102 590 247 1388 729 498 9 765
315 1129 1551 497 502 1871 115 1417 251 664
315 1481 1022 1854 1179 698 853 1691 1638 146
853 1220 192 929 491 803 31 1796 1911 148
315 531 1877 1412 157 279 206 531 449 1215
367 1603 446 984 1527 2002 1930 1713 864 1478
7 1251 607 1567 790 1044 540 1966 444 1231
1221 1388 1381 825 730 1107 279 945 1907 880
281 914 1629 1465 72 65 1550 1745 320 279
726 1510 1046 1855 1983 1936 1084 1388 1197 622
1221 243 650 1155 204 1466 1179 958 1474 531
326 1239 897 531 370 1033 341 1515 833 1155
111 1294 367 1111 800 1271 1479 100 304 1880
1221 1092 328 2004 1516 978 1457 1759 1248 1702
1168 1513 996 618 1159 1487 1178 1221 1475 830
853 558 41 1286 279 1524 1432 864 1642 1210
1984 114 158 343 1895 159 234 392 664 1722
1795 1261 1320 1370 1707 936 428 1473 532 4
315 18 607 1238 713 560 1405 1063 1230 503
1349 1406 1860 412 887 1498 246 1178 31 921
1070 472 1371 1234 895 509 1460 1823 866 1990
1635 927 830 1388 1554 1180 392 961 1636 601
315 413 531 560 1405 1092 587 373 1114 964
758 1561 1094 1205 544 100 717 533 1714 1682
230 164 452 574 1118 765 123 352 660 1936
432 663 1995 323 1988 1304 244 1412 5 990
1388 866 765 1722 1355 1478 488 1964 1880 1582
1221 315 136 1510 1273 855 880 1417 1637 635
491 552 1882 1652 1945 1264 1637 664 335 895
1554 1348 1843 152 190 1800 1794 142 1676 455
1135 1642 373 1020 923 1930 428 237 428 1346
853 1743 1745 1118 301 1622 560 1948 1769 509
315 617 1248 765 1173 593 1407 1178 1964 1409
1148 1179 1727 664 823 21 1698 1268 626 1866
1789 428 1919 1619 598 1924 533 1261 961 1394
1926 1011 428 25 1057 104 1221 641 1212 1936
1715 1570 1296 643 1231 729 273 897 1535 782
130 301 917 1750 1823 161 1705 738 1272 277
1221 984 148 1563 80 636 4 1618 1118 1969
1535 1179 1710 1022 1708 1871 1159 153 640 588
1572 165 916 1147 1261 375 862 525 1469 251
552 1100 1935 1248 759 115 942 911 1130 743
8 1855 1027 549 781 326 289 1748 1813 561
348 1621 965 1015 1880 1118 1722 1257 680 1854
1234 1636 1398 100 1090 1130 1604 872 302 206
315 531 698 449 1363 862 1780 415 373 729
1636 1650 281 990 787 1242 212 92 4 109
1349 1406 1062 141 1594 1387 462 36 800 675
230 1777 1777 1252 1532 1346 512 461 512 1569
502 1722 1930 428 892 1702 371 798 146 109
1420 89 1155 130 1183 1732 384 830 233 1037
765 1832 607 1198 382 45 383 283 455 1707
1347 301 817 759 643 1231 1793 1276 729 320
1349 664 461 556 860 1910 1987 1262 1832 123
281 770 1634 1138 1478 1310 340 433 1161 670
1893 1528 1789 180 1176 1986 636 70 157 332
1577 1401 1212 830 1269 729 942 1936 534 1299
130 1312 1951 243 341 771 852 1281 1143 116
1712 1090 373 1698 533 1368 1118 1925 445 1360
1349 1950 1374 1950 1899 559 664 726 405 974
1625 1067 1893 97 1788 456 796 787 1661 1401
1420 822 635 1877 62 253 180 56 1669 1304
853 41 256 1104 236 590 1877 1893 1672 1305
1148 1262 1018 825 1572 315 1451 763 1744 373
552 1544 395 1656 1907 1870 1349 1000 1713 105
301 965 365 1379 577 1235 1547 1967 80 258
853 136 1780 686 949 977 1471 530 1883 1455
315 1109 166 1640 1603 1011 105 1027 1860 1661
1375 1226 1090 573 153 1986 940 986 1963 1679
190 927 1893 1999 1155 674 1858 1347 847 1262
1349 1899 1855 723 1178 627 240 118 980 1795
686 148 616 556 499 1462 152 271 446 917
2004 1603 742 179 247 1142 247 1041 340 1971
315 136 1906 628 1388 259 350 1983 1423 532
1437 920 1865 664 1516 1163 1363 1159 1413 367
1221 243 1155 1226 182 1138 1198 1767 1292 552
706 1814 270 1885 880 853 490 1936 850 123
706 1691 609 1004 1192 1371 1420 750 1762 1694
1635 1567 749 729 1682 870 1467 664 1362 643
853 1388 614 971 373 1583 1652 1011 944 1365
1535 1887 33 664 512 1580 1549 64 118 1870
1652 169 303 5 801 1155 939 936 1405 1393
281 1611 1880 1089 661 1173 1129 1561 1555 645
7 1171 233 1667 86 447 1411 239 1517 187
315 1109 462 1967 1726 1890 533 1216 1196 1887
853 41 1027 1002 76 1192 558 643 825 552
136 521 190 997 401 98 31 1893 158 1941
427 1432 1994 233 1147 1295 1226 80 512 1616
505 373 1510 490 729 1936 850 1559 758 1726
2004 1841 1692 1621 80 573 840 492 1190 1244
340 548 697 499 1221 1471 435 279 1118 514
701 1694 1966 385 1750 1967 1305 455 641 1559
1728 846 1621 168 100 206 50 190 939 1226
367 315 1405 348 904 634 57 362 914 1963
1990 1837 1802 281 1730 50 1715 301 1661 994
1502 279 830 1388 419 333 1880 1514 800 957
315 136 455 456 635 900 133 1535 1225 6
315 1109 1254 1528 853 293 308 1041 961 1394
1408 477 509 1221 1388 1698 1251 1743 107 1210
1420 89 1221 71 1251 1510 1983 1462 1513 917
432 855 643 1728 1375 783 1223 107 326 1936
130 35 1973 1732 1216 1799 5 323 243 1836
853 830 922 1743 1220 99 1695 790 1567 976
1221 552 1223 1230 1451 1033 556 1061 888 317
1763 1966 274 455 1150 455 100 664 512 354
1893 70 1341 340 1620 1732 56 194 1681 1448
1911 598 1834 301 917 1713 715 978 1561 1704
498 463 1671 1967 525 750 1967 1120 196 354
668 1130 1005 971 179 936 767 1999 212 100
544 100 1743 1515 1983 1109 1830 341 274 205
1722 454 1055 247 1324 1655 1297 1497 1636 880
853 1603 65 1179 1669 1648 525 1452 1721 862
1420 1763 212 1966 1279 1478 164 1030 1262 341
422 1975 1230 1295 1230 627 1999 694 476 1510
1048 462 333 315 904 664 1587 480 244 533
293 1792 878 219 1171 7 64 492 1744 1722
853 490 475 1967 80 939 152 1415 1692 1975
1195 1210 599 1882 1581 1090 864 211 1130 447
315 1204 1510 945 767 1766 67 1743 1691 1773
443 587 1295 635 148 1573 1103 4 1527 1695
2004 957 1336 1557 1692 858 1405 80 662 373
1605 1103 451 1893 1966 1405 415 890 822 33
895 341 158 1657 594 1911 80 526 939 794
1893 498 1471 786 1555 213 590 860 418 1510
853 1540 635 371 1221 552 796 1527 210 997
459 1885 1528 1780 530 239 1636 949 866 565
7 64 667 1710 1211 686 1298 1510 1940 1522
1493 756 1776 280 1405 880 1893 1005 455 596
1708 1972 1567 678 1574 1051 800 15 247 658
1789 274 1524 21 86 1663 1488 315 531 1713
1388 22 862 1927 32 118 1163 1628 1231 1565
668 705 1253 719 644 1745 1555 1882 1070 664
1211 790 1868 738 1567 1118 633 815 474 833
1502 428 1538 1038 1302 1555 628 1934 315 139
1388 265 705 1104 449 1527 151 1101 694 1389
1636 640 56 1555 1943 202 1359 853 41 589
1535 1887 235 1149 1001 1855 286 1704 65 897
1934 126 607 365 1273 461 880 449 1780 1777
783 1830 1159 7 418 1400 880 1011 1138 1956
230 455 705 1707 1713 674 1555 1412 1273 531
1934 664 1574 126 1220 1230 64 1742 1950 1371
633 99 1947 1031 136 1780 233 41 1269 1117
1502 1999 1935 1085 57 243 1550 100 1636 685
1837 264 130 522 325 1655 642 237 104 1031
1502 1469 143 772 1089 214 1405 1585 1065 784
1471 373 453 1686 985 56 1555 1941 415 1089
984 1795 667 1180 423 817 1980 1183 1202 1130
758 1966 846 1406 263 705 782 614 250 341
240 1077 895 897 1554 1490 1967 965 243 405
326 1723 127 635 65 1769 148 1882 538 1638
1887 105 169 148 1858 1321 1555 455 618 1999
1221 315 692 354 628 1067 71 851 680 136
443 306 1322 455 373 480 1 1655 1648 1589
1984 622 1020 1356 628 452 1713 1044 1224 1279
240 1077 577 1935 1634 1493 1723 101 1368 372
1572 395 145 236 1388 100 1001 56 355 1394
853 478 1919 664 1829 1753 1966 776 50 133
315 136 455 1148 914 1743 152 1988 1504 373
1915 1383 1251 1834 243 1895 1423 43 1004 1714
984 1215 874 1005 417 477 771 1858 279 697
1222 1642 905 1228 1636 1880 1998 1124 1008 198
1605 417 556 67 591 1242 1367 1887 1966 1717
158 1030 498 559 1669 1067 1649 458 159 552
263 1446 1637 654 211 373 1510 1962 1029 1179
1135 1510 1251 1885 1051 894 111 981 1148 1894
240 1230 428 705 1559 794 1563 550 650 658
984 1567 857 1722 1921 1743 1882 1914 1778 1540
1420 168 546 1947 1858 1767 1903 480 18 1523
130 1412 1966 1705 753 879 50 892 628 921
1652 784 1228 449 842 458 332 936 428 455
1138 1594 788 1795 781 175 1671 1897 1193 1231
1844 1795 427 523 977 1450 1389 1465 552 930
634 1027 373 830 583 1328 1306 1029 1245 626
891 705 270 274 100 531 1221 705 664 1044
315 531 406 315 1510 1535 1700 1084 164 1011
190 866 765 1722 1160 1296 833 1376 1262 1996
119 1273 18 1211 148 762 652 1935 1510 1936
1589 415 1961 783 1829 1175 149 149 666 1866
1135 1101 694 247 1230 286 1517 234 187 1305
1349 1702 1182 552 1453 1771 531 202 1234 506
1420 1155 1935 840 848 48 933 532 1865 1929
1685 935 1950 1589 294 1714 1192 433 830 1677
1148 315 904 742 1426 1509 202 944 1222 243
490 1414 1568 444 160 1984 1200 862 1868 1083
1060 349 783 206 455 1729 790 1022 1972 78
240 1230 882 785 1844 1070 455 723 664 1389
1934 1792 1746 734 455 880 1231 1216 705 525
1388 98 706 50 1800 1510 1160 1279 546 1750
315 531 326 864 1561 1672 1555 1846 244 1764
1245 1177 248 822 365 1273 340 164 112 680
315 531 1639 1388 1571 498 1966 1710 955 297
875 668 1510 723 1889 451 288 1357 1567 536
1032 243 1357 355 632 1797 1555 943 598 1130
1652 1745 704 1622 1800 974 509 670 1637 548
1789 1911 1204 1732 588 1671 19 1721 1273 622
315 1603 531 512 619 769 981 80 461 764
1349 1698 610 341 20 1656 1089 1866 1685 544
812 649 1009 392 482 1011 359 828 1439 828
1636 2001 520 1462 1833 1823 1417 136 455 1423
1179 749 653 1985 1782 1926 1926 367 1052 791
1911 1698 778 911 1742 1966 1405 243 1030 830
326 1568 444 1671 822 1141 1361 716 1292 1469
490 233 1637 533 1328 148 1390 1295 376 830
50 1234 664 1011 1348 252 818 219 1210 1481
1388 1519 313 601 658 1761 67 65 694 965
853 41 219 1210 1859 807 488 224 1893 1573
908 716 1377 1134 145 523 1412 582 452 523
1221 462 1221 238 148 1594 1160 1637 1522 1067
315 1109 1887 1130 1212 1405 1516 1698 793 1555
451 979 324 785 279 369 138 428 1788 148
1025 211 1510 250 1370 86 1253 1660 1936 636
315 520 84 1966 1657 984 115 765 1972 1312
116 1510 611 1855 1983 1089 1084 559 664 1779
230 1103 1230 1735 1743 340 533 1858 1940 147
1221 552 552 776 990 1990 1672 340 531 1381
240 1832 1548 742 1228 611 1412 863 842 1327
315 136 455 373 249 531 1889 830 1388 564
281 325 1487 1481 223 833 192 1672 4 109
899 47 1728 1510 149 977 1359 1215 4 1221
1731 644 1230 141 1348 2004 76 274 1405 1517
544 951 1100 506 1165 1844 1640 130 1972 439
158 1884 77 240 50 1694 1449 1516 1717 1950
80 136 993 1642 231 213 100 325 1205 145
1070 664 63 362 1911 1977 455 664 1871 1995
1025 211 672 252 1243 966 1761 1943 1621 833
1738 1469 301 817 1008 1030 1723 1080 112 1388
1349 1887 555 104 523 1412 1078 1117 1694 1239
1722 80 210 250 1393 461 1555 338 1844 1176
