13 341 65 314 335 73 42 352 251 146 318
9 305 16 31 130 70 286 340 187 211 171
164 43 254 75 137 187 340 30 277 23 27
112 276 169 347 239 107 305 309 146 365 286
121 69 193 150 209 30 42 62 136 60 323
256 299 352 259 256 55 151 92 73 24 207
84 328 5 65 163 294 252 25 114 4 107
336 245 327 135 318 351 71 266 171 189 11
90 95 318 73 351 251 317 366 43 104 245
368 334 233 184 244 106 140 318 192 146 25
322 83 156 228 66 291 47 30 286 63 73
351 234 284 21 49 266 306 310 254 177 8
282 215 62 283 147 42 294 123 261 192 340
61 308 304 118 314 311 144 106 302 291 237
264 75 5 91 66 59 278 291 104 310 27
242 32 130 5 104 314 294 264 366 302 95
266 123 61 146 103 308 351 333 198 362 311
210 58 14 251 294 165 47 302 220 222 198
113 248 154 114 260 266 101 139 340 83 135
214 187 301 7 137 352 308 294 49 203 352
52 236 88 18 333 160 11 205 352 137 73
98 89 43 322 194 318 22 233 33 123 83
4 239 319 107 198 351 363 318 363 198 306
220 27 224 237 194 215 21 177 150 291 146
253 341 157 294 123 127 260 93 316 118 16
324 199 65 317 81 107 171 47 326 222 161
4 237 163 171 123 101 343 225 62 269 220
133 201 65 316 248 328 353 52 104 291 104
336 27 348 274 59 363 4 291 294 352 242
113 119 146 302 1 114 220 114 205 50 249
68 200 169 79 276 194 220 302 351 30 340
362 11 203 184 102 73 254 72 203 249 259
100 326 336 278 24 114 351 24 205 294 352
153 220 65 309 212 351 71 341 140 136 27
8 274 3 341 100 74 101 319 277 294 42
337 273 17 114 249 33 73 198 19 352 151
137 348 328 330 362 220 237 73 102 17 160
50 323 133 351 137 238 73 70 248 294 101
207 10 41 65 182 103 80 12 151 11 237
204 19 73 41 220 16 229 237 30 147 123
93 175 164 362 150 318 23 300 27 257 24
267 282 198 352 294 122 217 239 70 352 33
294 55 340 291 33 19 25 153 270 27 102
362 137 265 135 355 123 151 41 319 137 110
113 242 73 314 27 220 75 352 266 7 214
102 144 365 351 362 118 290 291 102 146 220
367 5 363 24 369 24 146 310 12 150 4
42 291 168 183 229 12 225 5 90 26 118
149 56 52 95 238 219 65 65 308 232 203
302 0 340 52 240 136 318 306 109 51 27
9 86 74 134 191 177 49 148 171 72 71
179 309 357 251 183 42 266 242 136 352 362
28 348 301 305 340 362 294 85 249 33 205
16 43 242 171 137 319 340 102 211 47 362
152 367 333 23 276 365 106 155 356 47 257
252 162 61 87 18 294 146 242 307 99 291
297 22 105 317 251 147 363 311 81 123 314
270 179 36 290 107 276 101 198 73 364 168
107 191 276 304 318 309 254 27 256 337 287
368 319 147 106 302 171 248 140 237 237 33
135 121 368 338 134 27 196 211 47 73 224
305 34 37 17 122 184 275 30 114 233 73
225 25 114 139 237 257 253 360 33 198 360
226 106 28 136 183 114 249 199 171 286 33
39 56 229 319 150 101 352 139 114 270 257
64 7 109 19 366 301 33 364 310 336 351
14 91 75 204 150 268 237 196 49 73 363
207 228 11 352 81 289 294 207 352 117 352
160 248 36 289 53 47 39 351 73 330 91
291 237 137 40 32 51 165 73 146 62 151
136 281 40 294 62 45 225 160 114 33 352
369 147 189 24 102 80 316 68 365 107 101
130 59 12 214 202 90 184 104 312 194 340
236 140 147 282 237 106 352 27 27 343 194
108 43 98 41 211 81 101 5 330 42 318
318 254 278 114 215 343 16 352 47 340 308
249 27 3 104 270 81 352 116 78 171 190
15 110 328 294 162 151 257 184 314 203 135
169 321 212 336 203 107 352 257 330 285 42
172 65 48 230 112 224 284 90 117 151 249
360 359 5 290 356 365 270 308 160 27 122
55 254 5 258 51 306 109 12 367 27 73
174 256 242 301 5 294 309 291 306 73 64
126 245 189 82 287 291 101 233 73 139 105
350 3 173 358 325 247 41 107 363 366 81
211 314 140 229 160 61 190 309 28 365 107
97 318 47 42 104 76 314 14 73 229 146
113 230 53 101 198 334 49 112 264 27 28
21 251 116 16 295 80 365 256 291 107 97
1 292 13 135 186 47 184 139 308 340 158
344 92 215 352 47 294 318 33 198 365 109
46 356 341 348 17 237 27 308 251 30 306
324 196 294 317 104 42 27 66 294 171 107
76 367 23 311 78 257 62 289 151 73 211
364 1 43 196 123 99 362 200 65 251 220
143 165 83 30 202 139 224 136 328 363 146
0 191 4 154 119 65 151 249 230 230 282
17 30 43 89 353 33 73 256 305 184 123
171 313 153 203 103 62 343 198 118 93 220
313 340 126 316 72 144 214 171 326 177 340
167 114 38 307 66 65 73 314 192 294 289
118 166 171 363 160 145 301 5 257 237 101
124 181 337 3 150 211 70 47 12 130 331
308 199 195 127 63 59 362 234 123 184 249
244 198 132 235 28 266 38 64 249 237 118
2 354 343 328 249 42 309 33 30 192 150
132 100 353 198 101 205 136 343 51 301 118
124 42 77 143 123 251 131 220 68 12 353
25 318 304 135 237 233 150 362 73 51 220
96 33 14 237 261 184 171 340 307 103 144
261 340 119 197 104 294 233 72 136 230 284
25 104 352 19 182 225 175 258 309 251 313
265 104 363 277 17 114 365 24 102 87 137
283 75 291 340 183 98 31 317 352 216 114
231 308 12 353 65 302 211 65 291 63 163
281 275 76 183 273 248 309 291 343 30 73
120 158 264 178 202 146 214 147 53 211 340
79 274 133 8 233 362 364 171 59 211 139
220 1 135 343 61 224 211 177 42 73 340
179 133 20 294 332 353 340 352 127 122 129
282 2 31 36 33 294 291 352 340 318 230
267 135 215 299 145 104 62 352 319 294 181
237 172 189 362 301 352 202 33 215 171 56
155 243 355 128 167 225 257 28 202 233 230
349 90 130 283 364 27 46 184 318 111 294
84 368 198 193 182 184 16 27 33 251 105
170 18 147 17 151 93 305 31 198 104 114
51 77 365 220 130 318 5 73 198 101 198
231 123 352 107 171 301 340 12 161 151 71
40 85 10 230 95 42 301 238 203 5 237
353 59 47 352 5 203 93 95 257 261 114
225 294 117 147 186 198 33 122 104 72 225
92 159 12 364 132 211 159 81 303 33 318
294 83 266 362 249 62 202 75 291 352 98
354 326 131 27 123 136 17 340 119 312 99
148 14 17 237 253 318 171 247 107 123 73
272 117 23 125 191 101 198 62 198 202 261
162 301 338 42 113 123 343 220 95 294 5
328 337 123 198 163 89 220 177 335 286 326
278 110 335 221 11 233 83 366 343 306 5
284 35 123 139 254 144 256 340 33 83 237
25 81 26 344 317 230 71 220 237 98 193
258 59 52 76 175 65 278 342 306 36 101
301 165 336 107 184 101 364 27 25 12 353
89 330 124 73 16 364 233 162 211 222 5
227 274 35 232 352 334 151 145 309 207 116
223 328 316 146 249 297 65 106 73 291 198
191 91 324 294 65 337 363 186 36 291 119
62 354 86 11 291 123 306 219 150 319 104
177 88 101 49 302 264 135 91 307 106 72
218 237 35 227 301 352 186 171 80 291 248
30 305 181 326 61 1 254 47 216 299 149
88 215 343 233 48 147 146 122 340 171 194
158 290 361 9 104 360 340 204 294 352 73
46 147 352 40 134 97 11 102 220 294 118
77 224 145 150 307 73 340 352 171 187 358
77 71 24 73 285 251 73 148 237 352 107
40 246 20 45 149 146 291 171 139 5 289
130 91 104 307 357 123 11 28 27 3 189
174 154 108 136 254 24 134 19 365 170 13
65 91 251 116 349 367 340 319 193 294 336
116 162 66 257 345 294 283 257 264 232 343
51 80 66 343 258 167 140 104 251 46 265
20 171 357 47 337 107 70 106 83 191 137
135 69 102 301 344 130 340 367 65 254 331
321 227 308 257 118 114 242 311 35 251 34
334 325 110 307 54 73 307 150 102 242 233
325 59 122 213 242 139 43 203 273 322 237
291 352 270 198 30 272 151 39 73 230 5
363 125 27 28 169 77 42 81 114 184 317
70 61 223 64 202 23 352 352 73 150 289
57 367 306 309 146 104 315 175 308 140 71
127 101 177 123 301 93 5 78 198 140 68
115 216 72 80 93 194 222 340 237 207 177
118 33 100 193 12 95 308 104 114 73 283
196 297 309 352 237 351 130 104 328 198 24
93 3 11 340 140 24 237 46 304 207 196
338 167 170 316 117 270 205 93 159 348 73
112 277 42 211 136 106 149 33 316 268 53
170 276 41 29 125 171 251 198 107 365 229
146 354 72 7 75 242 47 237 198 291 30
68 308 215 9 109 111 24 244 283 119 42
65 81 59 323 310 340 352 211 186 71 309
25 306 294 163 307 310 79 107 114 17 49
153 256 132 184 53 220 109 161 340 211 177
187 114 11 56 200 289 139 294 41 119 257
25 14 352 288 204 33 225 211 130 221 314
18 348 157 28 348 322 242 41 83 51 198
9 170 36 266 9 215 18 334 78 270 242
40 104 260 42 352 192 27 198 301 78 249
364 359 149 174 282 40 314 294 367 284 65
6 129 14 211 353 55 51 73 291 51 86
162 303 331 357 214 181 62 117 230 352 27
160 125 42 11 299 145 76 171 16 211 314
342 85 268 11 65 294 184 144 214 340 326
288 259 127 140 144 52 325 254 5 114 237
130 156 1 277 101 18 142 73 207 73 2
47 115 227 42 343 33 73 54 107 198 266
221 167 209 365 171 62 171 47 220 211 266
70 50 189 328 362 305 363 101 307 71 72
262 24 45 365 150 321 352 289 363 93 117
119 288 291 44 61 137 101 301 73 12 348
207 358 59 203 114 28 336 150 192 28 219
320 151 274 266 352 351 250 51 50 119 171
210 354 107 61 187 27 211 328 123 114 42
119 219 77 47 193 268 352 31 352 230 24
57 61 367 118 220 343 77 147 42 343 73
347 32 294 198 300 83 220 129 107 357 123
182 319 128 41 324 1 343 101 104 186 302
207 166 265 101 339 23 257 102 233 119 297
284 64 62 28 253 249 101 297 16 15 249
205 170 289 360 104 307 161 194 184 5 301
136 168 291 150 101 106 73 324 145 232 340
38 22 213 288 270 36 203 107 64 150 291
122 309 75 97 114 30 248 314 16 198 73
23 149 340 12 351 220 343 104 23 262 248
199 236 151 83 66 239 309 73 191 163 16
200 350 83 93 123 359 349 91 294 149 147
265 155 130 41 49 236 133 364 177 83 356
54 150 5 42 329 233 308 294 12 33 104
181 323 78 11 232 301 78 5 237 51 194
160 336 114 318 106 29 31 198 205 149 146
123 328 33 304 107 284 33 170 307 198 318
195 78 145 91 217 306 333 306 248 71 254
92 218 263 298 135 294 211 73 254 109 53
358 34 352 82 297 42 364 251 301 50 73
109 119 184 123 65 347 251 90 123 183 211
180 95 363 139 343 82 101 57 343 169 51
107 350 83 240 1 102 151 318 145 177 101
46 26 33 72 328 106 309 123 122 76 172
322 274 362 140 225 362 286 266 49 336 101
211 122 302 215 203 315 291 114 364 24 352
167 11 24 242 72 294 316 33 340 122 199
134 102 101 47 9 116 198 306 325 364 104
2 93 328 51 171 48 208 220 104 204 238
38 355 97 78 101 183 53 318 363 202 340
81 248 228 51 181 343 349 123 106 181 16
359 256 40 270 367 291 95 203 318 81 101
332 184 183 153 337 184 36 42 19 123 22
132 106 72 115 69 364 16 31 266 116 258
337 98 174 203 171 203 65 109 301 191 90
221 127 10 182 17 123 78 224 122 315 348
298 137 211 311 317 184 23 316 249 352 269
159 205 204 266 339 27 65 171 101 307 352
278 123 177 215 220 130 146 366 117 365 73
244 144 196 366 146 239 340 365 114 161 289
76 175 239 65 340 147 257 33 334 220 306
104 208 182 248 102 23 220 352 299 352 366
51 183 264 135 358 178 366 181 230 177 198
186 306 307 199 224 224 363 307 318 5 198
186 289 150 27 109 161 305 91 205 348 5
244 122 314 163 198 340 352 33 248 8 148
290 261 326 40 150 294 107 308 102 145 276
69 8 1 28 219 242 104 125 81 343 5
103 142 167 129 301 307 365 150 65 291 27
69 340 121 362 35 198 12 137 122 251 156
190 306 40 35 8 91 27 145 248 117 100
121 172 57 307 150 186 30 211 88 145 160
341 137 351 249 184 47 202 49 301 71 304
363 54 177 220 237 193 357 107 203 117 177
150 241 282 362 42 71 146 258 186 230 198
27 310 233 192 348 170 117 34 46 343 198
0 47 104 364 251 147 42 319 150 269 163
308 102 318 98 121 123 237 215 184 136 198
251 4 254 282 308 143 24 362 100 249 137
144 181 184 332 314 334 133 101 47 240 362
211 249 320 63 363 73 8 144 104 259 41
192 127 51 198 251 340 88 248 171 307 73
132 34 146 1 365 266 123 237 192 219 7
301 176 76 183 257 192 290 123 73 73 167
230 325 107 106 167 251 167 264 47 340 146
342 344 30 340 12 78 47 52 12 290 294
167 203 5 319 267 102 30 314 294 299 73
257 255 57 151 1 283 109 150 237 184 171
285 66 244 357 367 352 65 319 362 230 284
43 322 107 165 233 364 353 340 73 98 130
159 28 336 205 118 353 107 335 154 318 129
313 47 63 47 47 242 352 30 294 364 5
32 122 225 261 233 249 106 251 244 316 83
205 240 351 144 42 163 352 28 276 306 98
3 316 302 33 44 251 65 150 68 31 27
273 24 28 41 62 306 363 238 257 38 360
257 229 200 362 116 184 195 351 109 237 340
7 232 71 364 223 73 305 328 38 12 331
153 22 277 205 220 73 72 328 237 36 62
35 133 365 69 9 269 301 230 24 114 353
334 352 190 27 148 266 343 27 171 183 49
156 154 24 136 14 116 254 237 230 177 150
28 198 71 168 107 333 101 161 119 339 316
234 344 202 155 343 93 326 291 338 322 318
240 134 166 137 352 301 319 237 319 83 198
20 78 171 80 72 319 313 53 211 263 316
291 191 344 135 220 249 24 12 340 135 123
229 184 315 145 117 362 314 352 249 225 102
114 76 194 268 5 30 167 30 163 222 352
358 241 109 140 62 360 231 215 49 17 198
298 40 70 104 98 266 65 307 106 75 107
338 295 194 245 365 72 289 319 340 147 340
102 254 51 70 352 198 123 100 365 357 137
5 61 36 237 107 340 343 76 253 326 109
230 313 192 205 5 47 5 132 319 27 241
74 285 47 224 224 182 220 118 5 306 364
130 188 118 198 294 233 291 192 331 347 336
171 217 8 58 346 318 99 211 171 340 150
34 124 343 301 232 90 352 72 237 358 233
355 107 262 232 25 233 69 268 237 311 364
310 65 16 11 236 5 251 104 307 319 127
284 126 27 220 130 73 230 344 211 65 150
290 183 134 257 171 251 293 114 304 28 133
286 186 211 308 254 51 171 73 352 362 305
119 365 160 42 220 167 294 53 147 344 220
88 276 281 266 174 211 184 307 272 265 83
331 71 68 309 27 140 89 198 102 251 199
34 230 306 254 257 301 5 225 363 146 139
281 72 357 207 207 136 31 352 28 300 84
144 59 151 341 136 161 109 119 304 101 106
115 107 257 351 27 239 357 21 71 68 42
365 91 220 242 90 367 146 145 94 175 47
252 278 179 235 171 320 70 364 266 348 283
264 325 352 198 135 291 60 294 83 69 362
166 188 226 305 266 204 24 27 220 337 220
18 151 93 202 251 198 364 7 205 66 251
168 250 101 116 135 348 149 167 78 291 215
233 76 307 269 93 341 314 53 72 83 160
264 168 114 71 343 119 49 79 179 78 239
227 134 42 301 27 204 30 51 229 352 291
331 1 35 227 184 251 316 198 65 242 251
189 79 340 73 340 146 94 249 214 164 207
19 58 125 258 9 266 42 351 242 145 225
173 319 1 269 101 139 343 61 366 5 334
260 78 348 299 203 187 318 150 310 276 12
144 56 145 5 104 102 123 234 296 224 5
83 213 312 11 3 183 224 237 363 291 283
310 16 214 183 293 299 255 340 204 220 75
104 169 51 48 233 65 24 44 174 72 65
84 164 34 65 119 65 337 118 248 35 87
269 333 266 337 203 192 33 135 5 335 307
264 191 192 347 30 154 147 364 24 51 114
275 88 233 5 79 9 352 123 24 238 198
12 48 137 61 302 81 104 106 198 302 198
80 72 250 68 150 196 118 215 80 146 215
308 47 215 291 130 254 318 27 101 146 120
302 15 292 202 101 301 16 161 302 322 184
312 285 157 196 328 41 340 205 183 203 237
91 324 104 245 117 302 26 101 55 163 343
210 73 117 16 114 224 306 93 291 291 5
88 106 39 276 179 306 363 151 266 294 171
120 265 369 348 199 160 139 104 101 305 257
163 272 11 51 340 327 130 340 107 126 340
286 225 145 51 251 72 91 360 112 73 291
226 285 287 12 340 316 220 351 362 27 205
4 220 340 121 102 75 123 33 291 146 100
68 247 219 111 198 343 233 276 73 340 184
351 315 33 357 28 143 340 73 101 146 35
53 273 237 16 269 145 109 58 220 301 46
161 155 212 39 71 177 294 318 102 0 78
182 258 274 27 130 251 211 73 33 294 73
79 114 59 102 27 52 107 314 104 139 307
356 104 125 358 33 123 151 198 198 104 198
12 226 18 177 326 75 39 189 332 233 47
111 204 219 202 170 177 151 107 202 233 135
177 307 343 361 366 299 207 286 73 220 114
221 235 142 23 306 136 16 233 233 289 364
266 362 33 28 363 352 104 360 28 24 343
123 68 276 199 171 190 251 100 158 47 248
294 22 13 265 266 284 198 198 306 70 276
205 82 170 356 307 136 229 47 85 365 245
3 11 166 46 107 220 283 319 232 352 317
11 218 254 307 35 61 136 352 310 101 151
237 169 64 318 315 42 49 136 26 51 65
212 107 68 203 191 51 211 90 340 184 340
235 21 353 352 318 318 189 230 316 294 27
311 282 203 130 117 63 177 137 11 326 340
61 10 205 114 55 33 270 198 259 65 293
157 324 260 146 90 200 356 65 304 71 352
196 66 100 202 276 230 286 224 177 364 369
157 325 328 174 317 130 238 51 13 309 73
225 120 223 261 140 251 28 362 348 294 340
209 158 285 123 249 198 348 33 106 353 163
228 82 205 193 36 211 92 171 211 294 360
314 281 146 258 171 198 225 50 73 135 5
339 98 304 35 93 107 314 73 245 73 1
184 337 314 364 353 27 313 136 340 306 351
295 83 183 106 12 114 78 340 73 71 123
327 245 353 6 49 220 169 174 198 136 73
121 348 65 189 73 367 42 301 24 154 1
213 143 177 356 21 245 47 68 251 163 122
102 237 145 211 105 294 362 30 225 22 148
169 306 305 117 336 24 198 33 171 39 270
45 122 181 1 365 220 312 75 294 45 68
71 183 85 362 68 102 367 356 254 294 12
212 306 136 227 41 33 316 65 353 102 301
94 330 341 104 352 150 266 196 316 291 332
356 64 163 177 306 184 119 203 73 260 294
12 48 93 9 326 171 309 254 220 147 251
158 284 265 315 189 266 171 254 123 251 11
108 210 203 245 98 137 196 81 229 242 211
47 340 4 87 114 364 27 39 318 340 75
219 160 198 12 122 51 106 348 352 318 45
237 13 185 62 306 205 150 53 104 101 110
135 8 203 51 340 294 301 343 341 123 150
79 326 224 277 147 177 177 110 151 16 76
180 73 343 300 200 220 251 324 101 30 291
162 181 291 110 203 294 215 87 33 315 22
339 194 114 39 306 282 232 160 73 203 249
318 163 176 340 42 297 140 114 318 198 237
274 222 17 311 322 361 81 363 79 28 27
244 139 107 190 145 123 107 244 66 65 248
181 336 104 332 114 336 49 294 301 147 365
359 306 293 4 73 251 328 146 203 133 266
352 238 309 270 307 299 313 306 83 248 307
313 233 35 181 315 223 140 311 179 40 106
251 102 337 50 264 307 353 171 307 351 167
273 185 79 78 346 9 198 325 104 67 83
4 301 33 220 314 177 199 106 318 277 106
329 80 94 313 47 289 186 198 53 198 258
100 90 366 167 239 163 184 154 357 298 235
215 150 333 160 33 139 102 169 104 81 294
16 136 124 207 18 206 293 184 7 151 270
141 132 30 16 198 184 363 106 309 187 182
57 71 84 310 211 362 251 42 205 71 367
62 154 363 107 157 73 27 30 122 251 22
189 169 266 150 237 144 123 33 340 81 65
50 197 154 148 304 99 304 66 203 276 164
46 141 192 147 289 291 221 251 249 183 309
261 333 178 123 167 150 75 302 111 24 163
44 350 237 51 100 242 268 348 363 65 319
27 251 203 130 73 147 187 347 73 24 305
331 200 347 306 308 172 123 308 285 107 25
45 256 229 22 69 312 102 352 294 186 362
289 103 76 136 306 71 73 42 344 130 73
103 292 180 118 47 160 25 3 294 171 80
109 1 254 203 301 24 147 16 207 114 318
189 81 234 177 343 291 24 144 296 33 98
61 360 144 105 124 62 150 41 289 93 107
251 41 130 310 198 42 249 45 198 204 171
172 65 294 171 50 177 266 304 314 305 73
330 226 19 186 116 202 40 340 219 305 73
173 18 363 73 30 73 319 73 189 90 107
303 140 317 299 340 314 146 294 294 16 318
223 98 321 232 102 219 167 41 24 68 340
186 122 91 133 98 123 75 139 340 119 311
362 258 114 128 276 27 319 294 294 308 316
247 111 116 121 32 366 186 352 71 343 42
8 96 213 130 294 66 89 248 104 163 1
72 320 30 256 236 340 324 123 291 104 101
93 163 366 365 341 156 222 291 81 318 90
262 243 16 102 5 196 233 41 269 117 28
209 203 58 31 247 268 340 270 294 27 337
33 237 170 245 219 131 257 64 166 291 307
178 76 319 367 167 351 23 340 160 102 118
61 110 151 322 73 33 198 352 217 314 363
230 123 123 175 343 340 364 291 28 30 340
339 296 236 187 138 317 291 198 340 72 200
194 65 299 61 158 319 264 340 294 198 344
122 290 204 314 24 198 340 17 123 123 266
65 267 27 118 181 234 31 219 193 318 107
349 224 220 165 150 114 187 31 81 318 24
227 9 226 47 150 150 301 30 72 83 301
253 327 147 151 186 251 224 220 318 318 144
160 75 117 295 136 9 363 102 211 73 83
191 163 41 342 24 177 40 171 123 70 128
74 114 239 294 284 107 343 177 230 289 149
264 248 38 4 107 351 152 207 73 367 27
217 203 123 225 48 30 5 133 313 171 305
80 42 287 308 251 340 98 131 73 123 230
4 22 26 291 309 171 3 91 101 330 30
128 241 275 334 27 184 341 237 211 256 107
296 85 311 305 147 56 301 89 294 263 294
28 343 33 198 304 128 366 10 101 251 266
196 155 21 102 101 19 237 150 351 147 116
174 172 360 175 111 245 348 123 246 266 226
273 350 33 198 309 42 251 340 365 318 276
0 77 24 302 307 123 123 178 55 33 309
94 272 177 51 253 175 317 28 294 240 17
44 283 177 34 276 62 324 211 200 139 276
206 142 255 302 211 221 65 135 239 33 114
164 118 50 363 353 171 73 83 270 73 318
123 48 151 221 147 183 5 101 155 182 202
50 215 184 97 300 47 42 73 198 362 143
240 302 114 219 205 317 232 215 264 328 337
366 36 158 198 148 178 198 291 107 220 205
235 172 97 229 343 115 319 24 343 123 33
40 24 249 259 151 211 104 139 294 107 353
237 279 41 143 117 135 357 230 139 307 177
332 192 93 349 114 266 117 68 184 256 16
257 363 130 319 12 123 114 102 131 340 366
303 259 337 27 320 312 340 198 75 254 237
257 178 196 196 175 87 92 23 233 352 139
311 162 301 136 366 269 93 65 214 322 101
309 199 118 308 162 66 28 102 360 98 305
21 317 366 122 171 47 215 154 73 266 47
125 50 68 158 362 73 123 72 25 352 362
221 307 87 169 73 16 179 306 42 11 146
214 314 101 15 307 119 12 351 24 340 198
245 224 253 65 340 202 266 196 28 337 144
104 61 12 38 318 106 27 306 233 307 240
142 51 178 349 107 1 364 146 101 291 364
299 360 63 366 300 282 145 183 12 114 302
266 106 257 45 124 136 198 123 215 144 24
61 222 287 145 170 5 73 306 352 123 352
304 305 364 291 123 294 294 3 364 42 291
165 288 239 232 73 34 198 363 203 24 239
162 141 70 24 33 22 316 306 226 340 301
270 317 63 362 340 73 73 310 306 244 225
79 53 151 365 99 207 343 147 139 276 196
59 144 305 324 150 123 249 69 33 80 363
24 348 286 6 83 310 98 73 364 201 309
140 241 110 266 32 101 309 71 102 98 123
195 118 31 130 343 352 114 340 198 102 352
309 23 196 100 232 27 352 343 152 222 276
207 222 257 289 229 111 168 150 276 65 340
63 56 249 198 317 294 308 33 33 293 122
131 116 150 187 351 301 27 107 81 226 266
149 301 90 42 256 207 71 70 101 135 258
291 7 61 76 28 140 73 122 294 102 130
73 186 28 139 242 320 107 33 202 136 42
20 339 147 300 289 93 11 249 117 363 306
144 326 251 59 301 144 177 78 130 63 93
46 343 257 186 198 362 340 340 31 215 78
238 330 51 254 243 106 291 186 311 91 144
0 240 47 192 88 114 237 67 249 352 101
281 26 306 193 352 44 27 270 122 136 104
322 40 114 181 107 102 47 123 353 317 151
173 67 349 351 11 68 352 266 154 123 314
204 337 220 291 308 184 36 198 148 266 73
211 183 38 52 90 205 340 309 73 324 232
130 353 26 46 73 249 198 101 122 237 11
240 60 361 328 309 307 362 237 154 106 117
175 169 301 249 343 177 215 150 73 349 47
64 104 55 245 349 171 47 24 237 362 118
10 369 191 45 348 301 309 305 93 289 146
269 220 289 76 23 127 198 28 245 198 98
180 150 42 135 340 5 301 146 171 11 104
117 289 73 291 211 177 239 5 47 196 146
261 45 114 207 73 33 318 215 202 352 320
300 140 139 202 123 211 74 33 12 65 139
351 150 83 179 238 181 343 257 11 343 123
348 263 200 107 183 311 175 33 65 47 251
2 84 123 220 128 367 72 44 233 237 15
270 345 237 259 102 106 257 298 140 168 83
141 66 256 127 33 107 102 122 365 192 34
146 256 244 209 101 13 233 101 266 233 187
340 352 73 156 33 146 25 80 167 310 233
41 181 80 351 253 317 137 33 360 310 237
297 142 233 329 326 222 83 211 136 112 51
321 96 160 211 229 198 340 208 349 184 90
346 30 3 105 233 118 211 187 5 147 257
286 224 152 299 291 73 28 123 102 160 362
277 69 127 352 162 136 76 187 73 70 308
301 145 11 199 107 136 163 203 343 237 16
213 59 31 245 352 237 114 102 343 118 337
206 46 81 306 171 28 178 328 198 78 249
68 204 220 147 104 73 204 72 362 52 24
271 16 137 21 69 83 149 294 5 47 146
330 62 180 249 198 100 24 3 118 247 27
96 193 340 167 244 215 42 42 249 35 343
125 69 70 236 140 79 171 114 266 146 365
211 184 11 146 301 154 106 351 27 102 182
212 257 123 202 150 211 137 294 177 309 78
333 151 184 131 123 51 346 176 312 115 363
22 245 236 104 75 198 361 352 352 363 353
16 119 110 83 130 123 47 184 47 249 93
153 233 61 286 241 73 233 18 307 318 203
71 216 186 145 192 186 122 150 163 361 308
349 226 324 167 99 149 30 276 294 78 65
225 316 232 21 349 12 352 171 340 28 140
145 278 146 101 307 71 51 353 133 198 58
222 131 135 87 136 136 167 308 198 318 144
260 348 318 230 249 171 31 1 61 35 307
262 201 62 364 269 351 343 24 27 184 125
255 115 305 123 28 1 73 101 96 311 228
71 114 256 302 114 348 202 340 183 300 198
135 184 38 341 362 7 340 177 224 364 352
358 179 140 184 299 154 211 147 12 76 302
201 81 262 135 81 276 275 104 104 12 366
87 238 193 186 198 202 30 4 313 211 358
207 363 62 302 177 106 145 318 181 193 104
246 136 341 59 186 1 196 251 306 71 294
207 252 11 202 133 134 162 73 114 137 76
23 118 283 306 237 220 221 101 150 311 12
176 22 98 246 106 255 242 163 233 73 101
365 163 203 319 362 83 352 61 199 169 24
60 106 93 89 28 5 83 294 17 348 352
317 250 182 188 352 171 230 171 166 64 194
103 260 60 169 341 225 343 335 271 41 233
355 208 293 194 361 123 239 107 220 367 289
30 142 186 73 73 294 215 136 136 282 181
249 239 194 16 17 73 229 165 140 107 177
77 181 366 161 171 7 306 101 177 122 104
293 73 169 76 192 204 52 102 270 11 192
155 352 294 254 196 146 340 106 95 301 123
336 114 282 146 97 7 307 107 150 198 183
21 119 28 356 131 24 31 72 232 104 233
356 341 192 331 122 59 50 184 47 100 114
299 114 5 340 177 107 139 171 90 251 257
180 346 238 266 90 71 122 101 88 106 314
189 28 77 8 16 136 220 147 150 258 291
289 72 139 53 107 309 364 31 12 340 348
208 177 366 349 232 291 341 124 171 198 212
5 302 163 346 342 163 101 233 73 353 25
99 344 160 256 192 248 242 67 107 185 110
246 47 42 230 362 101 306 135 124 336 101
15 274 361 242 306 310 309 83 154 73 352
320 137 137 215 365 343 313 66 204 237 319
106 136 95 47 160 257 41 101 59 318 293
340 187 233 45 52 107 224 91 230 118 78
34 101 139 189 291 211 211 237 291 101 73
184 362 35 325 78 189 101 171 25 63 237
67 71 65 30 193 310 226 364 83 73 220
192 21 219 13 351 104 216 258 146 163 276
282 83 206 26 51 3 319 128 47 27 316
340 320 203 71 101 24 211 82 51 301 325
186 22 199 237 27 42 340 81 122 263 110
201 268 332 336 135 351 200 284 237 110 340
245 46 344 100 340 31 351 72 216 306 204
150 30 304 230 73 179 298 352 150 122 178
154 102 123 150 9 177 341 100 126 73 198
136 252 64 150 42 211 222 49 276 319 254
16 58 33 340 171 316 72 73 168 171 301
128 198 65 123 341 114 35 340 99 123 352
364 286 184 241 105 117 65 199 340 301 242
102 293 62 163 41 355 3 177 194 101 248
258 135 263 265 11 211 287 106 101 192 237
198 149 24 75 246 102 171 123 255 104 340
58 301 251 184 352 110 221 123 77 102 265
32 256 326 327 107 90 224 147 343 185 11
59 327 174 254 266 334 352 31 183 215 73
264 171 195 135 123 294 293 237 149 344 175
285 304 71 238 266 254 124 81 350 43 101
206 58 360 294 291 47 65 352 211 30 151
126 156 75 114 150 32 286 357 343 142 198
295 258 123 367 184 100 65 170 254 351 78
298 280 238 225 192 308 306 237 154 171 253
81 350 151 264 348 324 123 150 13 186 340
4 89 256 224 123 11 328 167 104 291 365
31 216 52 266 177 239 171 237 257 72 139
24 216 13 265 93 294 75 73 31 198 97
169 196 100 354 363 30 340 306 117 102 154
16 93 308 184 67 171 177 363 33 343 192
162 179 72 50 360 249 352 189 294 28 12
261 27 311 93 327 261 136 184 25 100 160
134 364 218 35 42 232 102 211 302 129 198
272 156 20 343 182 306 364 196 24 230 123
264 203 230 293 328 198 237 107 352 150 116
122 230 102 73 25 176 211 211 301 340 215
12 122 175 187 338 42 101 102 225 90 264
3 33 24 84 234 78 3 99 146 247 340
49 23 191 218 253 17 311 73 200 230 202
0 7 148 343 8 43 351 116 62 294 234
363 236 110 202 43 222 262 83 5 184 343
278 124 328 360 114 308 219 363 352 352 294
135 82 31 101 151 363 145 101 340 247 220
48 181 51 13 311 348 171 104 198 365 203
52 37 365 293 130 303 308 101 227 266 75
130 53 305 62 123 291 163 365 343 266 42
312 89 369 342 181 171 164 294 28 150 307
227 351 224 254 237 336 284 181 302 171 121
7 200 41 52 30 33 151 249 343 310 189
42 184 289 177 171 27 199 65 5 269 365
265 196 235 266 49 71 73 72 106 83 73
321 72 226 215 163 73 359 5 116 187 56
318 343 341 113 305 150 177 76 184 130 46
128 164 237 75 35 101 306 308 196 239 291
153 157 268 223 107 251 81 123 187 49 310
183 28 192 140 31 198 314 119 287 352 146
298 317 191 207 251 106 318 171 106 64 28
230 13 249 24 16 117 176 343 68 7 362
282 90 106 130 1 41 351 238 137 351 21
341 307 122 263 111 136 73 307 352 224 311
319 219 18 186 357 285 318 44 72 237 171
255 66 83 119 93 73 340 168 309 166 257
23 246 233 160 118 311 165 198 73 73 147
176 259 331 28 305 352 73 34 219 318 203
362 175 220 64 17 42 266 291 73 12 343
78 311 332 287 171 325 51 208 90 301 83
334 188 286 30 24 1 192 211 264 340 51
278 97 39 151 340 316 340 309 128 192 340
281 231 134 221 309 285 136 65 119 257 109
350 128 108 335 93 42 12 177 53 220 346
151 337 320 184 240 182 366 363 184 117 317
49 287 165 130 13 203 257 151 197 123 196
22 22 20 49 1 234 130 202 177 24 348
201 91 52 102 300 177 3 245 198 257 24
40 64 291 352 53 47 302 230 207 294 237
238 195 234 314 239 33 128 233 291 203 56
67 271 59 178 61 308 123 5 205 136 316
369 141 30 284 51 198 72 198 205 305 248
90 79 340 202 294 47 317 23 78 301 151
110 70 102 340 114 106 239 30 198 52 181
259 341 352 225 343 178 225 294 184 294 198
184 174 198 122 220 203 343 46 352 21 233
51 160 98 220 295 102 42 287 309 101 81
361 18 83 123 182 123 202 64 75 119 318
340 117 138 93 221 122 268 276 294 13 285
178 241 324 266 350 365 154 222 294 351 31
6 268 290 204 65 167 107 362 174 233 72
247 313 227 310 47 247 136 218 53 61 167
319 150 28 136 242 340 198 150 237 24 101
363 222 134 92 27 150 251 314 123 65 362
353 240 321 152 230 72 318 230 73 98 182
289 315 225 52 98 352 93 64 291 144 65
292 148 204 222 17 269 205 104 294 73 257
313 59 233 253 364 37 340 200 307 202 165
293 307 217 53 254 79 51 107 215 150 90
266 163 72 33 284 224 237 355 101 318 51
232 276 298 72 351 150 249 31 270 71 53
366 224 362 157 235 101 237 316 24 331 117
123 146 251 14 143 93 357 16 64 24 346
225 180 270 166 199 319 98 205 189 125 318
33 109 340 24 211 289 107 232 171 104 171
360 98 87 125 192 223 251 42 249 106 322
121 128 356 353 307 309 248 219 73 150 257
65 22 145 314 150 72 47 130 98 291 324
131 237 343 9 42 346 257 266 249 11 196
55 242 13 318 51 220 286 33 46 171 163
225 9 196 119 101 364 136 33 146 72 253
269 170 195 42 327 237 100 360 102 69 352
232 32 318 123 163 363 47 154 352 203 294
210 211 55 229 33 277 217 119 150 224 124
185 10 323 106 106 81 211 344 179 196 242
155 224 166 95 291 42 161 41 346 177 135
144 301 319 366 107 251 178 351 351 65 310
83 33 227 183 186 171 216 286 146 352 207
168 105 183 65 11 340 252 351 254 186 28
332 363 303 346 106 154 93 340 311 135 104
41 8 70 27 33 256 146 33 211 352 348
211 109 309 160 27 301 232 107 248 251 146
104 230 144 24 202 3 130 73 198 101 364
242 167 28 269 79 114 101 51 136 193 118
299 210 294 294 211 194 245 232 318 366 251
101 266 353 28 317 24 352 46 139 198 305
136 181 61 116 136 3 352 73 348 233 258
194 72 202 234 65 340 362 352 61 232 24
215 194 128 289 318 309 70 124 33 30 71
172 289 145 293 228 24 336 340 177 73 319
305 198 60 27 198 287 366 343 150 360 90
24 35 52 90 93 309 198 41 224 352 171
136 211 314 198 343 123 276 146 109 198 171
10 114 124 360 224 114 80 187 318 62 343
290 106 366 128 220 365 101 106 171 117 238
43 42 340 70 123 51 184 252 61 155 30
68 99 235 171 302 27 83 85 122 211 274
197 274 27 310 352 11 24 340 49 39 181
15 11 305 181 198 184 351 171 148 301 249
147 222 4 108 114 116 150 71 237 251 102
324 178 185 316 302 266 177 51 145 101 254
154 205 1 13 47 211 256 65 304 102 340
317 333 56 248 286 171 307 187 198 343 220
86 164 269 42 309 348 319 306 253 302 352
318 144 113 150 318 245 318 146 65 137 73
358 103 24 136 84 294 189 90 202 109 150
205 307 231 150 240 232 249 81 107 237 147
282 24 331 310 222 23 133 41 11 175 270
170 299 151 171 237 40 151 53 192 150 318
9 263 31 21 324 33 343 5 316 139 301
285 169 200 104 306 341 130 343 97 13 357
348 37 42 73 207 167 336 3 233 65 78
16 157 307 145 144 183 123 352 301 362 47
166 266 97 30 11 192 93 107 78 181 11
313 60 363 9 28 237 32 118 30 222 305
104 99 161 137 83 178 198 116 184 62 104
9 187 93 237 139 351 106 136 301 203 171
22 51 267 226 30 258 252 198 349 318 352
351 287 363 134 138 27 357 95 30 73 151
107 326 198 65 148 80 219 211 150 258 251
180 308 156 116 123 198 194 171 101 237 51
16 112 353 1 254 257 340 220 242 161 31
194 83 159 245 51 147 363 106 287 298 308
254 1 12 306 283 224 319 177 233 254 294
351 310 294 81 101 305 230 160 47 61 309
359 8 262 24 203 101 154 73 343 130 242
361 306 119 33 184 340 328 5 70 134 28
84 335 187 341 115 117 314 301 306 30 117
184 119 294 198 135 51 344 230 192 208 331
184 259 167 131 104 307 59 182 140 364 181
75 31 337 301 351 151 85 215 105 352 101
95 301 302 163 353 232 30 12 319 40 340
109 146 138 277 120 30 318 21 65 294 24
27 71 233 27 281 154 309 104 64 266 179
51 139 90 359 238 50 301 81 5 136 150
138 135 47 82 251 256 266 198 154 151 351
4 363 107 72 142 28 219 220 101 30 198
103 319 220 184 33 343 362 203 364 84 177
98 241 305 314 192 101 267 308 5 199 362
48 240 310 194 150 72 232 198 177 282 87
115 112 367 238 123 171 106 257 33 24 189
129 318 107 78 150 64 30 366 93 51 73
40 229 84 94 353 104 343 183 102 184 81
175 192 109 171 122 212 73 73 81 157 81
3 224 150 66 104 266 102 348 147 206 62
212 97 204 304 340 130 328 215 198 114 309
218 191 123 224 155 119 181 204 366 139 366
95 43 11 258 363 53 161 316 204 211 318
51 168 300 225 198 318 332 16 5 83 366
247 335 74 187 28 123 291 107 129 266 340
290 261 110 367 294 119 316 42 198 183 104
69 74 163 163 266 318 249 13 24 177 119
360 186 312 205 171 61 31 33 123 258 336
335 186 88 58 202 360 22 151 16 293 365
302 81 81 187 340 340 264 30 237 101 118
235 253 76 222 16 308 305 316 203 15 356
326 242 74 192 343 154 73 291 337 95 28
68 47 363 311 28 343 314 351 205 73 366
159 52 154 146 146 177 307 123 198 242 187
292 51 323 207 362 194 49 306 83 198 128
319 172 254 65 146 319 5 258 47 42 51
224 364 334 28 337 194 24 273 99 83 8
162 254 80 27 36 251 113 135 198 257 104
296 32 110 76 229 343 122 107 353 362 12
281 160 351 33 211 135 352 21 150 7 71
231 127 343 181 150 181 155 320 130 25 148
4 205 24 145 177 81 76 136 305 249 365
97 24 307 286 366 365 71 224 343 107 352
238 351 177 100 314 53 211 268 308 122 199
345 129 93 28 150 187 39 177 282 276 151
282 52 165 29 291 342 139 107 73 237 282
152 46 117 114 175 340 151 319 28 184 198
122 42 225 112 57 47 72 291 71 352 266
246 267 134 207 331 8 12 183 198 7 364
279 291 257 266 198 224 35 295 11 12 161
189 184 69 237 171 24 237 304 364 147 351
71 190 171 253 114 204 98 139 254 337 307
260 92 118 29 140 198 65 311 113 146 5
9 94 287 43 49 73 111 254 242 171 80
252 306 216 241 318 238 319 183 237 233 203
316 8 21 102 301 353 12 222 135 23 132
168 310 4 291 146 64 84 352 237 233 237
320 316 117 125 42 343 64 169 160 349 306
254 317 72 17 352 50 211 366 366 104 215
266 336 24 185 186 104 309 304 104 263 114
5 266 95 291 136 362 114 318 150 122 87
210 131 306 104 334 198 151 73 177 78 211
251 231 200 5 352 198 198 340 301 171 171
325 177 317 75 340 101 367 348 151 48 7
224 73 204 102 342 104 51 147 362 325 107
110 223 13 33 301 211 318 90 307 136 220
66 198 300 198 184 305 204 186 358 24 242
200 68 101 77 283 73 351 123 150 258 61
365 53 53 11 175 291 147 233 135 198 36
160 219 238 154 47 289 244 135 198 340 43
346 203 265 83 146 137 22 79 255 11 257
368 136 66 257 248 294 198 33 238 85 102
251 178 357 202 171 363 118 365 46 52 352
265 309 326 107 318 245 318 53 101 242 351
239 171 114 294 291 291 340 104 130 12 5
350 90 265 31 202 171 318 30 220 118 178
319 137 169 104 21 305 114 194 61 31 203
89 127 42 293 147 336 336 71 177 302 340
119 309 105 362 106 319 76 7 324 234 248
5 192 11 130 198 352 254 116 306 294 210
23 65 90 331 160 116 264 52 340 249 203
223 11 367 12 101 248 123 42 118 365 114
78 136 356 73 302 177 144 183 275 114 319
166 42 114 360 326 307 93 192 207 171 109
235 213 47 114 192 26 288 87 308 114 12
118 13 106 314 314 283 327 340 62 42 318
177 330 203 257 294 248 366 346 28 198 271
237 276 202 301 203 160 233 27 80 326 182
186 244 161 291 214 306 237 11 219 291 326
159 140 165 171 39 3 266 251 108 318 151
224 212 333 365 196 100 192 177 296 251 343
308 224 362 309 177 150 306 98 5 102 5
218 27 258 94 307 362 344 289 136 304 122
136 107 272 27 294 353 340 238 150 90 344
31 30 75 163 198 351 340 233 352 207 106
14 358 251 9 207 27 123 221 314 352 163
43 357 49 326 187 200 147 306 232 47 161
93 318 361 12 135 220 216 52 365 270 215
14 192 130 270 107 104 233 294 35 31 358
75 363 11 196 101 254 106 237 114 73 365
128 220 154 15 215 318 163 343 163 307 238
227 215 225 104 155 121 122 187 30 294 133
227 145 80 93 33 245 233 369 149 224 73
81 322 316 18 60 362 352 33 307 47 51
258 24 362 308 249 171 123 36 294 5 216
320 28 306 353 107 130 235 169 13 319 30
304 35 243 42 150 352 306 128 100 294 318
257 221 214 231 225 349 348 233 251 198 289
142 216 354 147 291 99 118 146 358 284 72
278 182 291 249 318 294 294 232 231 73 230
310 254 360 362 146 174 145 200 76 283 101
292 79 9 104 349 211 114 361 150 294 257
185 3 119 104 81 352 343 314 154 230 104
145 204 291 71 307 11 291 266 358 211 83
51 138 145 179 187 302 205 140 30 306 133
242 139 247 144 42 122 13 51 352 150 257
114 125 117 221 31 310 23 225 124 237 31
296 233 281 204 81 272 102 231 55 21 212
250 55 176 319 312 343 16 257 135 42 224
80 174 71 138 27 61 163 42 101 306 83
282 13 183 70 150 167 352 363 116 65 308
335 322 77 171 342 59 4 41 318 40 27
316 335 140 341 70 150 104 237 130 340 285
95 276 101 42 30 124 343 53 12 362 340
290 318 288 200 308 146 25 114 47 307 349
46 257 343 179 202 117 24 31 269 150 220
79 292 168 31 14 1 129 343 309 150 139
110 5 33 13 192 363 366 73 294 222 344
179 55 83 251 230 150 123 51 65 181 365
90 5 266 215 311 291 12 340 233 316 91
344 114 360 340 147 203 101 76 85 308 266
226 65 359 4 289 24 358 91 340 40 361
233 6 166 294 229 352 30 22 301 307 352
312 356 104 73 12 233 171 148 309 5 12
180 80 198 364 15 238 167 3 353 102 250
223 94 68 340 237 352 308 286 93 150 363
119 226 119 366 290 87 24 254 12 27 184
192 60 352 209 198 294 13 93 135 151 102
246 230 275 268 365 276 51 211 294 73 364
199 318 38 366 27 184 266 230 183 230 266
22 33 163 351 33 47 328 186 308 51 102
353 198 344 343 23 254 198 78 266 104 186
240 127 128 11 237 264 363 362 204 178 150
46 289 192 137 296 340 7 167 47 240 150
244 16 290 109 239 24 106 301 73 114 257
272 167 148 75 237 146 198 114 237 16 33
18 274 352 203 167 116 300 198 362 66 301
157 247 72 340 101 151 316 35 102 249 106
312 59 297 183 171 220 117 203 198 104 331
234 353 215 28 233 107 177 47 361 308 220
86 47 364 211 31 253 200 352 31 43 184
34 311 151 348 133 5 352 228 61 294 150
315 19 27 300 276 203 306 3 352 76 174
262 252 264 39 80 352 30 125 146 167 115
146 73 309 42 65 146 64 266 28 364 230
351 220 209 200 194 171 11 343 353 343 362
109 271 309 363 66 307 266 187 12 263 123
76 357 301 41 233 23 266 16 28 352 268
119 338 214 28 340 294 343 118 351 42 308
205 358 336 129 29 230 184 203 91 366 294
305 66 291 238 314 1 308 254 62 364 12
316 177 36 107 251 340 122 39 233 294 38
41 135 256 38 167 310 220 307 248 216 238
185 126 103 205 100 192 198 362 38 204 294
42 104 93 215 183 51 72 266 257 171 139
71 100 110 171 301 362 73 211 365 91 12
1 340 72 55 106 291 294 340 78 12 340
241 28 107 249 104 118 309 308 27 198 114
362 318 156 161 326 51 237 11 322 73 291
10 82 301 324 306 295 5 343 365 64 33
11 127 73 87 363 184 11 42 31 150 174
109 364 120 357 258 51 150 198 58 23 326
81 70 145 134 101 131 104 163 26 106 220
193 289 235 28 128 128 171 302 192 125 124
62 181 259 33 326 207 47 343 202 76 348
267 90 131 175 47 136 32 122 155 123 242
152 273 121 130 189 266 343 68 318 340 147
304 88 149 116 170 211 309 306 365 31 39
215 103 274 301 123 27 87 112 310 12 81
222 89 90 276 136 351 114 365 44 151 363
176 6 200 325 366 73 47 351 307 254 160
212 361 82 72 349 5 242 322 270 208 3
363 7 202 25 130 42 366 183 247 140 364
51 330 90 287 25 266 363 101 306 198 24
224 344 123 211 130 102 351 171 150 352 171
202 123 301 262 238 294 114 204 249 144 342
242 78 232 37 239 24 17 18 27 362 224
139 210 64 114 318 266 68 348 83 352 21
27 154 270 302 317 308 122 347 222 262 178
358 72 27 294 73 184 259 262 365 103 8
27 71 341 24 81 118 42 198 233 248 71
350 168 116 24 299 72 83 7 353 91 220
107 127 302 220 308 11 83 133 328 62 219
286 348 100 287 19 28 284 215 184 18 307
224 157 1 151 332 51 24 203 119 318 277
34 110 12 121 248 301 254 123 54 208 316
249 291 248 221 10 326 21 218 348 259 73
73 109 318 45 136 241 149 123 351 215 198
73 73 123 291 184 186 237 318 348 257 123
114 213 266 123 11 229 266 68 365 242 266
84 237 169 33 42 225 352 347 277 16 267
2 90 211 139 237 211 251 42 81 357 184
340 279 109 118 42 364 309 143 364 207 237
315 114 52 365 297 323 203 291 65 33 33
222 296 109 222 123 179 136 130 114 245 13
306 245 15 353 73 114 291 340 72 55 200
33 214 198 331 324 363 135 276 215 11 266
165 105 282 35 278 11 184 101 215 304 294
266 69 150 206 184 116 44 304 49 42 73
292 144 130 154 49 209 104 211 107 266 129
227 189 360 282 190 343 367 95 207 352 101
276 80 340 163 200 28 31 73 30 198 309
233 355 58 365 204 302 181 107 150 186 53
324 140 243 276 198 335 123 269 257 175 340
122 241 107 212 101 106 165 48 49 340 294
209 232 51 160 352 73 47 198 184 340 343
251 259 58 114 284 220 73 237 71 90 205
29 266 231 47 55 27 101 123 294 98 293
288 283 181 102 62 207 268 348 198 282 294
301 156 22 11 107 264 93 344 257 340 248
230 240 62 282 181 150 219 33 198 148 76
27 14 319 340 123 62 177 257 5 205 251
337 318 265 97 12 73 139 198 352 114 306
343 104 340 3 198 71 16 144 174 7 337
104 297 208 90 301 298 65 215 114 11 311
26 133 341 340 198 81 352 62 232 1 352
351 332 113 331 65 211 352 117 130 351 220
161 258 63 363 189 106 199 263 106 177 309
320 52 118 171 232 50 366 352 231 81 104
