249 352 230 154 266 3 324 38 233 47 266
65 328 70 250 139 12 219 257 294 175 42
351 107 8 301 71 214 287 114 218 73 233
336 16 31 11 30 78 114 21 357 365 42
28 362 291 175 238 249 283 342 30 18 291
33 135 101 3 225 319 17 33 5 257 362
73 311 190 241 352 47 111 102 65 328 73
109 51 123 59 177 302 256 215 309 146 73
127 203 343 340 30 309 261 364 147 277 203
49 364 326 192 86 106 25 337 358 123 123
47 146 145 348 307 362 291 91 91 217 65
42 51 349 83 28 107 200 73 23 238 86
33 136 130 33 55 254 91 266 307 249 5
179 364 327 73 27 198 198 215 102 44 42
51 248 192 106 40 182 311 276 28 11 211
167 123 53 41 266 352 238 104 316 117 341
16 42 291 256 351 28 202 139 343 242 196
68 308 136 97 212 367 40 352 117 97 65
79 103 342 239 100 248 291 266 291 106 242
178 83 7 145 104 203 78 114 117 182 300
108 150 30 30 5 259 230 12 72 72 351
108 114 146 119 28 217 122 117 219 51 119
130 179 167 117 222 135 211 328 186 73 122
249 73 184 49 233 270 317 301 28 72 177
249 24 47 114 248 233 21 337 102 131 266
322 224 221 64 202 177 294 133 101 45 301
310 33 289 68 237 187 351 27 301 101 223
196 90 14 198 73 362 106 366 211 140 204
249 104 51 248 364 65 308 280 175 184 42
142 135 72 187 266 64 65 33 343 220 187
33 42 61 25 343 108 123 72 313 73 220
73 120 90 118 135 340 133 289 363 301 301
362 249 125 42 254 266 351 242 60 139 204
309 314 73 27 90 282 33 151 151 65 270
13 117 196 135 73 199 233 101 12 73 160
13 51 71 119 198 36 72 111 106 150 93
145 8 203 196 261 138 78 232 182 316 283
33 73 21 137 203 14 73 73 122 204 1
28 42 173 117 181 352 39 190 14 230 77
104 233 249 22 38 27 301 254 282 11 196
198 104 313 363 184 237 340 215 291 198 73
33 24 302 73 81 307 301 27 311 328 335
89 181 220 21 71 203 266 352 238 110 95
146 302 362 69 309 309 75 72 122 106 343
316 24 86 33 280 12 199 309 98 307 278
308 325 247 318 204 343 123 160 94 233 311
51 203 343 232 221 133 42 118 111 340 230
38 203 43 51 366 41 214 167 209 352 84
108 90 340 319 198 198 307 207 219 300 160
16 343 101 148 102 277 68 72 198 73 362
322 22 83 139 5 61 75 294 134 73 123
51 365 150 30 5 257 58 224 184 0 324
192 40 352 1 42 252 311 24 198 314 222
302 249 24 319 207 150 340 75 257 5 352
47 122 41 47 203 42 73 183 190 273 300
183 309 76 111 264 343 1 167 176 53 358
153 204 364 129 27 73 364 318 123 53 114
47 90 220 291 284 7 357 198 318 364 297
12 47 275 151 73 123 155 106 257 274 257
105 181 224 65 294 249 3 104 351 291 314
249 299 171 302 73 353 100 151 76 90 146
216 16 343 308 28 266 291 249 203 249 234
35 282 171 302 258 11 171 5 352 30 305
171 302 147 277 122 139 11 276 198 125 18
33 127 302 184 26 86 204 348 146 24 177
33 276 35 282 167 294 244 124 5 203 106
249 294 33 336 3 31 340 104 24 225 341
13 46 242 326 253 104 136 244 242 169 317
73 100 102 100 242 343 220 254 71 367 23
35 123 12 183 171 301 27 168 73 128 319
73 33 316 359 264 11 257 150 107 211 228
13 171 233 42 101 72 340 163 363 27 123
133 42 198 198 169 65 294 104 7 104 336
253 155 249 319 198 198 167 257 100 138 351
100 59 130 266 352 52 364 211 37 257 50
233 72 111 337 358 294 351 289 181 91 167
362 202 353 205 233 230 24 109 4 33 11
27 339 211 101 36 106 41 73 73 123 53
215 101 193 80 100 11 209 184 187 318 102
36 257 336 319 318 136 274 294 266 202 294
302 351 56 163 276 51 340 104 16 343 52
233 257 342 14 198 219 123 131 362 357 64
183 136 220 284 130 106 13 138 78 146 299
136 122 211 284 182 318 150 230 186 254 365
231 171 110 277 216 319 340 135 318 331 257
245 319 8 163 104 48 140 14 13 316 198
249 90 340 319 28 266 308 80 249 98 51
203 184 237 16 343 137 146 261 363 308 109
13 12 116 28 107 29 163 1 130 308 146
47 318 263 352 130 72 177 73 352 151 248
145 340 266 101 22 110 353 183 128 249 73
93 28 102 340 104 124 184 171 230 175 249
362 151 28 233 270 297 139 11 351 252 101
33 42 101 365 175 284 266 266 340 119 343
12 257 147 21 294 198 289 43 336 365 143
249 24 340 24 68 236 12 62 291 73 307
122 289 198 332 314 343 151 233 343 232 338
317 363 181 181 65 198 266 254 71 30 287
24 185 317 198 266 114 72 340 65 198 73
21 220 187 114 364 318 98 114 72 266 258
81 135 365 64 294 194 51 211 93 136 363
249 90 178 364 353 208 364 139 307 301 301
19 175 158 362 117 42 293 317 104 186 247
266 248 80 322 72 150 161 224 101 161 344
33 290 101 117 343 146 299 186 104 225 98
35 123 318 146 189 365 365 68 177 257 183
324 230 307 352 307 263 76 308 189 198 211
42 46 25 117 11 294 41 171 46 364 363
42 101 171 220 42 233 352 307 352 291 356
104 90 248 304 175 22 336 249 90 147 198
249 308 139 233 233 343 33 363 138 184 8
93 102 302 364 304 211 263 167 294 181 150
79 346 51 307 5 177 100 266 364 116 348
317 318 102 11 154 334 198 257 36 269 245
33 308 156 314 78 211 198 332 198 198 276
313 233 270 11 72 233 73 307 222 363 65
220 237 30 337 193 33 308 146 352 114 150
316 51 118 123 123 5 27 307 263 249 157
316 122 139 270 318 363 30 5 340 266 181
308 23 244 95 116 233 343 31 109 76 21
179 302 257 120 146 73 225 362 258 364 107
169 230 3 104 161 122 211 364 238 211 251
249 45 306 184 171 256 340 266 242 343 27
268 59 27 124 308 140 237 101 45 207 290
122 106 150 352 114 340 151 167 317 31 200
157 349 90 78 101 182 211 251 300 10 266
46 102 183 144 106 314 343 78 318 136 95
13 284 175 171 363 194 8 73 308 140 130
203 179 203 187 73 35 308 109 308 168 240
362 286 283 340 81 184 135 294 169 41 346
47 130 311 198 302 145 362 291 139 309 270
309 42 73 362 21 352 220 21 306 310 207
122 106 340 237 171 352 238 184 269 171 150
314 305 46 150 138 233 137 76 285 128 146
367 47 349 49 175 49 363 80 230 44 229
122 260 343 102 228 343 140 33 248 39 81
336 307 301 301 27 254 207 5 258 30 81
302 220 309 65 346 179 308 65 90 301 301
24 254 69 233 362 289 364 51 327 207 219
305 307 202 106 42 119 90 106 343 75 8
163 167 129 366 117 59 146 11 171 23 192
47 90 352 130 177 242 351 175 202 306 11
127 59 356 87 220 70 170 291 89 198 17
249 192 73 352 192 42 114 36 213 132 107
13 12 175 343 102 167 190 85 106 352 291
171 220 290 348 319 284 365 53 215 42 163
33 47 51 118 71 351 242 81 325 139 350
122 276 341 17 73 336 5 294 291 308 102
362 339 178 118 198 106 68 68 72 205 107
145 101 307 22 109 307 109 104 11 211 41
35 311 291 77 352 362 283 195 348 358 123
40 196 21 269 317 136 136 139 294 306 318
100 59 230 357 35 146 329 199 343 101 302
233 302 139 343 33 75 40 352 40 291 356
309 237 238 136 123 147 123 123 123 53 146
302 367 184 76 106 242 104 319 299 301 365
302 73 81 101 11 294 365 266 256 294 167
249 61 167 294 266 163 102 228 124 80 306
47 90 352 95 175 130 12 150 160 177 11
203 340 203 340 309 222 213 139 343 140 33
33 184 141 24 184 119 318 224 82 5 106
196 51 352 42 306 340 264 360 33 121 121
343 282 302 362 11 151 77 61 42 73 259
362 211 274 314 310 353 106 107 33 365 282
13 347 16 101 254 171 13 1 186 314 42
280 207 123 183 109 214 104 65 73 182 324
79 42 73 11 294 204 337 56 340 363 184
122 211 251 93 139 236 133 47 352 343 11
33 61 343 12 257 351 319 93 331 63 193
73 223 302 230 294 318 136 314 219 308 109
104 11 351 76 1 150 148 13 207 73 42
196 190 144 307 274 119 150 7 352 42 362
232 214 73 105 249 351 47 35 75 262 14
128 184 351 123 53 237 207 190 305 61 284
21 100 76 123 123 135 237 317 175 49 365
136 233 311 309 318 163 332 230 117 204 310
160 145 73 230 175 216 203 103 266 352 37
362 366 362 294 225 351 364 47 86 198 11
33 203 30 151 198 131 325 86 73 309 150
314 33 42 101 154 109 307 251 259 104 259
59 151 203 145 203 8 73 73 184 196 135
174 5 225 160 122 198 168 348 203 250 291
24 145 364 146 238 114 211 251 225 109 179
307 47 111 211 8 101 110 332 285 107 18
46 102 99 80 87 336 73 181 307 47 71
127 233 301 27 184 263 72 205 80 107 324
122 331 222 207 81 301 27 232 55 198 219
73 79 269 266 242 23 99 205 301 80 65
35 196 123 53 28 193 352 196 42 223 330
171 302 101 307 364 301 254 61 220 344 118
47 232 290 179 332 365 151 107 291 205 202
171 302 14 293 83 254 65 244 101 114 294
192 179 9 150 161 90 362 291 30 98 5
66 186 60 320 3 225 314 60 314 263 23
33 174 309 237 276 248 102 276 51 300 229
33 24 170 160 33 278 194 198 51 134 59
90 308 305 307 294 327 244 190 175 187 340
35 364 266 202 295 257 104 207 5 147 198
249 106 42 154 183 63 230 298 73 59 27
33 6 286 343 64 291 309 106 343 364 364
365 299 316 45 301 107 251 306 75 211 251
257 144 308 75 294 167 294 252 198 207 5
27 311 104 47 363 351 42 12 340 351 291
10 73 311 254 319 194 30 212 119 177 116
27 68 167 344 16 349 97 278 211 140 220
86 318 332 244 294 365 196 147 31 324 167
79 59 16 177 143 123 123 135 154 365 220
309 5 256 141 122 17 336 156 55 301 24
307 363 282 93 257 316 51 35 60 353 192
362 266 135 318 150 207 263 134 66 122 244
108 90 340 162 220 117 94 8 198 198 179
309 302 93 80 307 343 56 340 308 140 232
151 72 233 73 65 305 309 305 219 8 364
85 230 307 274 147 114 65 343 269 122 364
13 184 114 318 150 106 114 106 146 363 184
250 102 42 114 49 266 217 33 339 247 80
103 75 101 114 306 340 177 104 266 64 62
151 101 73 363 30 136 20 127 192 77 83
35 196 71 238 340 294 49 331 262 147 136
13 12 175 343 146 27 24 298 174 81 93
203 242 309 184 343 78 80 324 122 133 76
33 127 83 306 184 123 35 257 21 100 351
33 184 236 51 308 109 286 82 145 114 340
249 171 13 348 364 30 294 294 294 251 318
351 190 114 203 203 340 351 249 230 307 291
352 367 308 135 306 362 291 351 150 30 357
249 171 302 291 230 340 249 104 294 168 41
79 294 299 340 95 130 306 301 174 122 115
362 291 301 286 328 340 242 28 198 87 179
35 65 117 90 175 212 83 234 238 104 327
352 312 308 106 308 215 135 167 221 308 47
270 257 101 122 211 251 104 140 114 146 316
309 59 72 27 101 12 205 107 222 198 357
232 297 365 294 364 87 133 344 47 363 123
192 192 198 286 192 357 217 302 101 205 107
352 97 23 5 204 11 257 123 186 271 263
24 171 302 101 16 119 290 119 249 104 322
33 307 61 365 337 154 75 72 318 25 81
270 130 239 172 224 49 106 343 95 189 365
81 340 101 238 309 318 136 39 330 1 352
215 254 8 307 160 145 340 177 252 198 104
43 189 198 214 287 237 171 302 261 269 7
69 12 119 270 237 129 340 318 363 302 268
93 363 309 278 14 102 33 336 105 346 122
351 71 291 24 351 90 232 229 163 102 353
238 309 257 309 249 225 362 291 42 364 104
122 139 274 318 242 231 352 70 130 233 270
233 344 330 270 353 158 121 238 351 364 68
130 160 177 24 151 321 324 51 269 139 151
215 42 352 114 211 251 198 167 73 363 242
249 171 302 291 328 133 340 254 69 367 3
33 319 364 163 147 214 294 294 365 192 70
33 90 308 331 160 128 33 317 107 47 198
367 362 202 362 294 7 198 340 101 198 306
59 56 340 349 212 83 72 137 189 27 101
362 11 362 194 340 65 343 91 142 266 352
238 266 319 341 131 248 11 183 156 73 325
242 61 65 47 220 31 109 102 366 41 12
100 362 248 211 51 167 242 222 24 182 143
145 101 31 182 264 194 364 360 9 291 198
79 179 104 130 41 202 237 253 47 242 343
13 353 65 140 340 147 46 41 325 233 365
73 90 340 104 318 364 127 331 177 308 215
309 257 136 31 270 34 35 42 254 245 72
73 95 102 65 328 30 198 264 314 271 171
365 336 150 69 101 339 26 113 183 301 27
215 230 106 114 211 101 203 289 251 353 308
33 90 66 27 298 27 346 340 47 130 203
108 130 245 49 198 51 73 0 301 75 25
73 33 294 33 306 249 35 353 343 137 33
35 52 230 257 289 185 60 27 211 364 253
196 42 123 53 352 154 184 348 136 307 93
362 99 221 95 266 232 76 343 95 169 12
269 343 102 213 16 114 101 104 249 114 106
73 362 363 109 65 70 314 107 306 318 363
47 302 73 286 5 71 171 302 35 73 147
13 184 343 339 44 63 102 249 215 244 119
183 243 106 340 24 318 150 297 3 225 351
367 306 194 30 341 237 116 304 1 114 220
35 203 289 364 90 184 319 219 5 351 321
41 239 157 230 254 253 220 359 136 30 125
60 230 257 306 249 200 147 174 97 196 114
27 56 307 362 242 337 196 237 343 183 306
75 225 318 249 305 351 337 140 233 31 326
203 184 97 27 361 101 73 52 247 301 301
33 81 319 120 318 364 0 238 343 214 33
145 150 106 12 135 73 313 230 289 199 215
362 289 131 266 11 209 220 28 287 266 351
171 302 136 122 168 257 41 196 42 73 352
192 42 257 150 318 51 124 150 239 268 71
104 42 122 268 114 205 349 343 257 308 107
219 257 365 229 98 352 306 318 266 248 181
127 90 167 198 222 247 363 66 282 31 30
35 73 106 301 79 196 93 266 352 291 249
196 229 352 51 356 11 78 266 299 101 300
47 130 207 81 362 291 306 307 75 364 306
40 276 51 163 171 107 256 160 165 73 66
352 13 233 245 5 351 343 27 278 291 177
65 253 163 245 102 204 39 276 107 357 64
47 266 352 42 12 117 151 248 202 179 211
308 253 154 42 114 49 151 167 237 358 182
367 167 123 302 353 192 366 167 325 83 198
12 117 133 136 26 102 343 317 211 144 22
143 43 126 40 294 109 308 211 9 160 239
302 230 226 198 16 42 328 307 112 291 42
122 290 106 1 343 189 201 299 27 365 24
302 24 101 203 101 147 347 9 340 242 204
51 33 123 237 53 352 5 289 16 114 161
302 325 233 233 233 56 106 28 11 294 306
171 302 101 21 97 317 37 16 101 223 294
127 59 347 363 20 264 99 73 123 146 316
122 211 251 100 200 107 365 61 272 81 220
294 198 104 294 62 83 233 309 136 349 80
98 316 175 101 203 128 37 73 71 340 125
13 46 146 24 314 268 146 87 145 130 198
324 42 253 193 133 353 352 49 233 233 169
41 202 308 322 224 248 59 230 337 146 4
184 90 31 139 241 33 316 278 99 97 68
33 299 144 101 270 51 233 220 72 301 64
367 35 42 75 71 305 365 100 140 177 233
47 111 175 7 343 102 167 65 293 156 114
13 34 27 184 317 341 346 171 73 353 183
290 305 73 353 257 106 28 42 179 248 211
145 189 101 114 7 229 28 187 28 203 51
47 35 224 51 233 316 184 337 160 357 198
108 164 114 73 133 340 21 100 352 97 27
302 122 249 104 12 199 99 26 211 41 72
33 237 62 73 343 146 52 51 68 192 285
301 140 66 101 365 282 165 289 114 183 28
35 65 299 16 237 62 73 195 171 184 100
35 282 311 204 11 332 294 171 320 151 177
87 179 233 5 171 81 28 40 294 107 33
302 137 343 33 363 80 81 365 151 165 107
223 344 318 5 352 291 356 102 59 343 27
13 49 187 101 98 307 365 93 268 171 352
301 75 346 93 98 230 151 340 73 73 307
33 294 318 25 117 59 352 122 309 109 73
137 271 33 301 215 270 294 46 25 291 266
249 54 61 150 351 93 9 239 343 64 33
123 318 364 34 150 52 93 80 301 266 196
308 364 1 90 275 56 341 364 285 360 248
41 114 140 45 46 150 248 135 248 248 364
60 171 362 65 326 69 341 21 340 51 257
157 353 120 93 316 41 73 358 230 109 5
249 283 257 270 224 186 249 104 93 363 109
79 81 353 65 47 73 328 123 114 333 65
302 101 42 81 107 352 291 73 142 134 192
302 167 212 93 309 239 266 352 27 204 209
47 363 12 257 319 75 224 286 150 268 169
127 366 211 364 4 41 72 306 205 194 30
309 65 364 266 130 73 73 101 46 136 323
13 154 119 306 137 134 91 66 186 192 317
122 40 291 15 130 283 184 366 42 140 340
196 42 73 123 299 198 73 101 73 203 340
211 251 153 84 198 262 93 294 230 184 182
362 175 22 104 325 202 367 114 205 107 266
233 301 27 207 79 294 276 366 294 306 12
192 42 232 291 284 154 91 306 308 318 318
33 301 302 204 242 343 365 365 258 27 31
220 341 257 237 266 150 253 11 30 357 198
309 73 59 27 101 130 160 264 365 365 123
244 320 249 319 367 122 106 352 237 114 312
203 207 139 104 24 24 109 33 196 90 61
308 98 232 308 187 365 47 268 343 27 47
79 215 173 237 313 33 204 47 186 363 364
367 233 145 130 177 90 163 276 211 353 365
110 351 28 216 62 51 51 150 147 114 161
178 219 307 263 318 363 30 184 160 360 51
33 24 313 174 179 214 73 73 247 163 245
43 100 102 362 16 343 183 146 353 146 158
84 123 90 135 340 184 237 27 74 130 102
249 87 153 12 248 26 107 291 36 297 294
100 309 122 42 220 293 316 283 114 353 65
313 136 51 203 122 211 251 160 341 306 334
302 8 171 35 344 27 274 73 183 73 301
47 114 101 73 73 316 72 294 28 360 310
151 203 343 183 128 160 165 5 154 237 16
302 338 251 264 24 193 59 181 160 102 351
12 257 163 139 364 147 336 48 215 42 114
127 268 101 220 33 151 35 27 261 123 198
309 73 256 340 196 276 184 219 205 107 7
175 101 220 359 130 220 83 184 327 102 95
33 117 257 235 71 122 276 22 243 65 328
73 249 104 248 104 30 202 224 186 238 351
195 270 123 114 51 78 95 150 221 264 285
203 46 362 114 211 251 28 266 249 335 200
87 263 41 226 198 113 346 187 309 233 316
342 177 104 144 334 73 364 179 72 294 293
233 245 169 228 198 41 289 99 76 257 5
33 65 285 224 295 51 332 107 33 151 65
316 333 12 291 286 293 115 233 343 57 340
33 299 101 17 150 23 0 35 257 89 33
367 12 291 229 83 249 308 47 26 220 352
313 233 233 343 146 238 335 185 87 162 171
308 302 74 102 353 183 148 314 352 239 27
352 367 47 114 219 257 351 285 163 294 139
33 24 351 139 109 33 308 114 366 306 51
317 156 122 47 51 192 111 76 219 286 309
106 309 5 257 337 193 343 115 27 340 286
28 107 33 33 146 124 75 294 87 352 155
122 18 352 238 171 101 178 68 351 146 17
302 101 198 73 36 346 232 65 23 276 184
347 167 358 291 91 136 26 107 51 242 351
286 26 319 126 305 242 319 352 26 163 224
224 59 81 122 294 33 24 309 75 101 144
178 222 351 107 319 24 30 36 222 318 52
35 232 178 146 123 184 90 194 340 104 308
192 42 229 189 61 42 55 42 309 352 66
301 338 182 35 14 328 291 28 270 139 75
106 343 11 231 308 109 106 93 102 72 149
302 101 141 24 334 169 294 335 47 313 107
122 38 198 322 352 69 28 233 73 307 150
12 171 352 30 151 306 318 130 198 41 289
304 11 333 73 90 194 80 322 193 353 70
13 233 106 12 237 101 249 104 68 4 301
249 127 49 233 75 203 42 294 198 113 163
33 319 291 341 17 144 117 119 81 114 211
35 264 99 291 184 237 5 176 239 75 198
13 167 340 308 157 209 107 132 11 73 322
149 72 301 80 81 220 56 176 341 73 81
305 308 8 351 299 123 285 118 236 340 12
108 357 198 157 41 37 198 340 171 137 147
51 346 220 341 326 150 51 134 298 73 296
309 59 93 347 62 237 27 282 101 336 257
151 251 170 308 329 34 150 352 72 30 52
127 313 239 203 184 198 357 24 27 269 317
311 232 276 30 34 56 319 306 309 249 114
318 363 364 215 254 101 5 307 362 258 109
47 220 106 294 204 352 106 12 150 72 318
367 131 102 130 228 343 232 366 285 340 104
174 343 305 47 123 123 53 42 241 211 364
293 35 353 106 183 308 104 364 287 299 257
237 120 196 314 196 263 106 107 340 351 314
10 73 311 328 53 326 337 12 340 104 143
171 351 27 266 151 356 11 114 276 28 211
73 59 101 114 211 268 137 146 308 27 221
12 169 117 307 366 160 134 5 336 319 71
122 68 160 341 357 198 297 68 196 132 211
136 145 46 61 257 72 300 203 340 196 145
33 319 62 308 276 307 364 119 343 348 130
224 101 203 151 51 35 73 294 183 42 353
47 149 302 184 301 107 33 33 318 364 319
215 42 31 107 294 294 167 314 107 271 245
362 177 302 33 254 71 184 248 133 65 234
249 362 286 294 187 318 363 203 154 302 146
249 54 150 119 50 102 160 146 47 183 326
236 310 12 116 329 222 251 169 203 291 266
65 285 160 177 24 91 28 318 363 248 11
308 136 148 162 73 352 367 147 123 5 12
95 76 349 6 203 289 32 294 68 134 65
308 34 177 7 308 294 230 73 73 308 146
290 51 5 14 297 55 103 33 147 225 248
21 340 356 357 365 93 123 224 257 26 306
314 81 24 58 101 198 73 362 150 242 231
40 43 43 3 171 171 147 136 66 358 282
349 114 211 72 205 107 151 266 177 230 207
190 146 151 49 268 130 72 248 218 65 319
100 194 248 106 249 294 364 91 149 242 47
198 148 116 39 163 73 118 366 73 193 352
301 110 237 294 207 147 324 50 93 315 362
33 291 21 220 283 242 343 268 130 211 251
220 56 11 31 125 352 70 119 248 343 1
73 232 220 107 101 98 51 110 100 362 76
226 203 184 42 114 117 333 65 25 106 182
249 207 363 8 238 291 17 110 324 83 353
13 12 175 343 200 239 334 216 16 114 343
136 352 268 104 133 101 13 198 294 198 198
249 302 165 215 93 364 215 291 256 220 352
249 76 3 42 31 119 270 237 225 83 7
220 60 242 3 104 266 3 104 294 314 28
192 314 106 42 73 352 130 318 363 24 136
314 33 301 171 101 3 366 314 352 130 177
98 130 68 160 262 266 351 27 282 307 362
33 128 75 306 367 12 283 189 64 311 251
203 83 184 107 41 274 53 9 306 301 107
108 130 266 254 365 100 257 25 215 42 336
101 134 364 87 238 249 104 31 351 319 186
48 205 107 51 229 207 147 119 98 266 163
33 127 193 59 191 237 181 310 307 362 50
13 12 167 90 340 203 68 204 30 294 225
362 343 290 352 367 317 56 286 306 249 51
309 302 56 27 198 266 198 306 107 258 205
149 340 252 17 294 101 294 87 363 307 362
100 144 177 308 5 167 254 100 194 248 18
33 42 230 11 136 233 81 223 194 202 204
106 233 343 164 42 42 254 249 239 314 352
304 237 122 306 351 93 73 124 182 318 71
73 73 149 308 192 314 138 125 11 266 93
51 240 100 59 27 35 33 203 33 42 114
47 73 233 301 27 207 122 364 62 285 107
302 101 186 198 346 325 351 33 42 353 55
308 73 149 136 151 73 320 196 129 72 340
364 215 251 309 347 291 59 27 351 367 192
21 123 122 18 81 365 27 51 43 5 340
309 302 73 353 171 233 301 27 101 139 55
47 130 369 107 150 8 363 146 248 25 291
131 171 220 18 103 266 352 117 193 249 104
42 101 45 126 90 307 147 34 177 301 198
362 291 21 352 290 35 340 151 16 114 114
71 104 139 352 70 136 41 107 108 130 63
13 12 76 229 117 341 184 31 192 15 73
214 24 24 248 183 103 1 102 62 11 331
314 280 54 106 237 171 352 336 362 18 50
73 342 151 199 177 362 147 12 31 123 53
249 24 155 100 82 239 118 35 307 362 123
286 178 333 65 326 306 71 42 230 83 270
41 266 352 130 47 27 23 308 211 251 149
52 154 184 301 245 192 154 358 264 146 47
237 66 26 315 322 325 351 314 249 200 366
108 101 114 168 184 73 140 146 360 198 73
352 367 65 146 266 92 364 306 198 294 41
17 302 8 343 194 109 146 232 358 5 27
238 245 102 251 305 328 202 146 285 242 104
302 122 352 42 353 76 319 219 5 352 177
33 16 117 342 305 266 266 340 319 302 66
290 305 301 11 257 150 31 150 127 211 251
344 318 363 310 73 123 53 51 248 24 51
328 273 48 102 339 211 251 149 5 147 155
302 101 244 291 18 320 317 257 145 351 114
352 192 108 366 284 175 287 183 83 254 130
35 307 184 33 316 251 93 211 9 178 150
12 177 110 114 297 160 150 238 198 177 301
124 316 198 198 73 12 72 72 306 301 249
13 12 76 116 208 343 143 233 352 257 352
124 33 308 309 38 318 25 139 136 291 289
33 127 122 23 38 118 187 42 237 187 163
79 137 317 222 181 276 51 266 310 7 318
302 251 104 130 41 114 219 264 11 147 123
27 215 122 72 220 316 78 308 294 366 366
47 220 0 284 175 306 365 258 349 47 211
33 238 101 353 22 363 184 224 251 5 335
364 4 55 309 219 131 363 30 309 257 5
192 27 123 135 72 36 276 340 294 167 61
24 24 13 73 261 16 28 198 73 311 101
81 101 168 229 117 75 251 305 1 343 101
184 17 151 144 230 207 300 26 294 256 198
127 106 27 306 340 249 104 107 98 24 318
362 11 11 106 167 117 309 146 151 343 257
192 341 351 72 284 225 351 149 301 64 216
108 49 251 149 237 103 83 343 123 184 232
313 230 318 150 230 11 297 363 151 233 27
127 49 233 301 27 220 67 36 211 251 139
35 122 306 318 363 224 59 93 248 203 285
35 346 101 75 344 175 145 266 237 30 294
362 291 136 153 203 202 266 362 117 207 123
308 364 171 348 352 161 165 215 122 355 241
90 340 163 363 257 264 348 16 31 49 160
108 52 313 33 101 169 73 311 269 52 171
267 254 145 181 161 122 364 287 318 11 102
47 367 12 116 196 330 103 203 81 309 137
66 100 73 146 187 343 183 112 13 154 91
302 353 106 28 24 266 352 184 59 237 66
319 341 340 318 254 42 198 198 95 150 352
35 199 64 289 139 214 133 309 278 72 266
44 146 24 12 257 150 72 11 177 266 319
313 233 306 101 341 3 117 68 71 148 254
192 198 42 130 131 306 184 177 31 217 147
149 128 340 277 104 134 295 266 294 181 200
322 95 200 263 257 150 307 5 147 291 104
79 245 245 325 351 187 28 254 123 122 72
282 193 24 92 196 61 65 294 151 83 309
151 286 257 123 343 146 343 118 146 240 304
302 69 309 351 107 297 248 61 154 334 73
193 101 114 251 170 305 194 41 12 224 362
13 117 343 64 183 17 8 294 171 27 101
324 307 362 205 19 291 356 256 177 73 307
93 28 102 328 340 310 116 107 101 150 211
33 299 59 79 136 220 55 249 51 202 67
47 309 59 27 320 124 309 68 237 181 193
270 131 220 37 346 302 122 366 306 118 47
178 219 131 104 65 234 27 101 97 107 33
362 46 28 169 167 258 291 139 294 301 249
308 102 73 249 104 268 237 116 168 155 177
12 53 1 22 81 24 365 24 101 62 351
33 184 47 51 233 233 220 196 117 64 25
249 60 291 51 352 51 135 154 5 257 352
364 17 160 33 123 101 12 53 78 361 90
249 33 123 184 31 352 61 90 226 203 264
114 225 316 290 101 106 27 309 318 150 1
157 90 123 196 293 237 343 358 30 30 305
42 101 364 51 363 184 310 208 91 106 326
184 235 99 209 355 340 97 301 196 41 346
136 59 363 64 258 123 53 318 136 348 130
108 123 93 146 11 215 230 111 248 117 318
13 196 51 135 266 315 158 192 314 286 147
33 68 237 106 114 340 73 306 233 309 163
13 309 237 238 238 319 335 241 294 222 24
33 319 111 42 247 362 211 251 329 325 253
313 343 101 308 114 352 237 269 7 26 266
290 150 116 70 219 72 306 122 337 12 340
69 81 101 244 81 28 39 24 365 318 102
33 24 171 302 101 3 364 318 163 224 107
308 189 149 28 80 169 177 246 211 211 251
60 192 328 136 147 313 102 25 249 68 51
122 40 352 111 205 301 27 319 318 39 137
33 184 174 107 198 73 216 79 352 116 114
192 41 352 119 73 142 225 305 31 139 222
122 211 251 149 136 118 312 128 309 12 351
73 211 251 149 237 124 264 25 312 47 114
114 42 73 311 140 151 73 307 68 186 104
249 261 130 177 352 192 238 144 348 220 348
109 45 45 135 165 73 27 361 186 24 146
309 287 114 114 187 35 90 198 309 198 314
142 232 200 167 199 233 365 27 215 42 309
65 318 311 33 23 123 53 318 352 343 365
309 352 31 331 362 203 130 266 101 307 110
13 351 146 55 122 41 154 351 294 176 40
249 24 80 237 73 122 103 245 239 200 5
192 178 137 43 36 102 189 251 42 230 30
102 199 12 194 125 363 203 340 234 326 65
309 186 305 261 123 264 33 316 83 123 122
13 117 66 233 270 171 66 301 187 151 229
322 147 366 367 256 221 73 101 4 205 107
215 230 106 158 78 53 28 233 270 301 107
216 130 84 90 340 55 249 304 222 146 237
35 123 342 14 325 198 72 266 254 351 294
65 299 16 161 308 70 11 177 167 23 182
127 123 123 53 5 299 28 230 193 352 33
171 302 165 82 24 364 38 79 104 31 68
33 87 3 68 318 136 352 22 316 42 290
108 42 130 72 43 25 125 252 293 119 181
73 363 301 27 101 336 99 215 254 251 318
309 121 122 70 369 107 204 34 309 318 237
367 65 356 37 16 337 42 369 66 233 81
352 192 198 352 122 41 171 23 49 248 151
319 146 352 30 106 53 28 215 198 51 340
273 184 324 198 198 73 209 122 211 101 333
343 64 233 215 251 84 73 199 301 178 366
42 162 139 39 340 163 251 239 21 106 19
309 340 75 309 318 28 318 150 355 272 42
304 183 83 65 203 340 42 87 301 27 72
302 220 352 367 3 21 207 147 7 167 246
35 71 104 248 171 5 150 147 291 28 251
73 352 79 24 307 81 254 79 170 160 360
302 101 169 73 42 179 65 62 230 289 255
122 211 251 150 1 130 73 123 53 146 65
35 24 109 18 232 291 73 316 65 8 137
79 122 198 61 198 171 165 270 143 366 41
66 38 27 184 257 110 224 186 352 192 285
136 8 145 181 66 233 270 237 366 366 308
308 51 351 102 167 211 274 215 234 198 41
13 13 50 189 64 294 136 198 251 70 144
33 150 366 286 76 349 314 346 101 117 216
144 248 33 294 101 135 230 174 294 294 107
13 237 119 114 139 233 196 40 200 257 147
313 311 98 343 24 12 171 195 177 305 319
220 343 367 160 269 106 24 149 233 101 58
308 309 121 201 257 242 315 106 73 140 301
324 122 276 70 73 352 23 364 21 340 318
309 349 130 30 106 237 277 212 100 326 31
24 302 165 93 363 138 336 99 205 282 33
192 51 5 147 299 167 65 114 12 340 73
249 318 245 36 340 123 135 101 106 3 286
171 42 76 259 117 34 308 114 177 171 42
249 4 202 137 185 304 102 362 171 220 116
343 220 187 302 119 198 244 364 300 11 66
249 319 209 73 73 301 27 335 342 249 104
249 241 146 343 27 369 136 137 237 266 216
33 145 51 146 171 1 42 226 184 73 135
35 305 361 33 343 340 101 289 362 291 249
362 72 137 59 33 254 237 191 189 198 257
136 130 73 349 50 30 325 351 343 209 200
51 334 352 284 111 76 225 314 352 184 47
307 220 171 106 301 118 13 348 225 119 119
249 215 301 135 33 71 302 277 105 81 184
367 311 366 305 8 291 90 187 163 363 101
109 73 232 60 203 343 196 257 202 231 237
35 24 225 109 24 199 254 362 71 254 282
124 24 203 198 73 311 211 328 114 203 340
103 266 320 33 47 343 282 33 101 308 194
288 232 290 73 169 211 344 73 343 112 261
47 90 274 73 359 301 204 148 27 31 62
40 33 151 203 101 51 351 254 258 100 135
245 30 276 51 22 22 121 22 150 30 305
47 367 73 12 148 171 31 30 294 198 40
122 230 72 211 293 73 75 95 107 251 156
122 61 42 114 306 340 105 352 119 150 291
122 202 353 106 107 114 106 78 304 222 326
254 122 306 340 151 254 294 140 142 130 83
215 302 31 163 139 364 17 348 310 307 362
216 181 33 319 251 249 17 225 364 81 107
13 284 225 184 29 75 318 136 268 47 114
220 343 220 337 60 11 294 252 198 306 340
121 302 137 199 101 362 294 254 184 59 358
231 319 110 308 291 233 233 233 249 203 319
100 59 119 39 155 14 106 163 104 161 307
145 203 151 340 177 179 104 85 270 291 160
215 343 220 352 238 211 251 125 133 124 11
100 59 321 304 65 361 123 215 72 100 183
302 179 128 323 301 27 221 254 165 365 322
196 51 233 245 222 224 177 194 193 192 49
181 33 123 194 119 309 146 360 136 250 130
355 305 146 142 136 90 139 28 194 1 48
362 65 242 104 104 308 149 136 30 5 248
301 310 194 8 47 118 163 123 302 122 253
47 90 340 43 172 310 73 73 53 318 224
302 87 342 238 215 232 146 168 42 328 313
58 167 257 313 145 171 233 145 232 256 264
196 90 78 148 163 363 16 114 187 238 328
171 101 343 33 316 251 160 324 198 117 219
309 318 102 343 33 123 196 237 27 211 364
127 46 203 118 257 65 291 107 118 198 306
33 246 117 90 151 83 51 184 307 362 291
362 289 149 163 28 198 314 107 101 129 106
56 340 18 93 109 140 169 73 232 276 51
363 340 123 175 343 27 299 301 75 198 102
301 27 198 207 79 33 3 318 352 314 343
127 122 211 251 104 35 105 81 352 291 71
73 33 257 237 16 31 123 44 222 198 101
324 214 287 117 90 263 205 169 73 11 192
127 57 349 198 82 340 316 51 254 254 71
249 25 1 42 42 114 73 72 28 30 305
145 98 24 278 165 215 53 102 51 362 130
35 353 106 236 257 196 308 248 182 186 150
43 187 318 363 195 210 307 294 107 24 192
317 239 200 266 352 52 104 71 104 319 289
313 278 353 160 24 256 12 64 104 169 202
150 130 220 87 340 340 24 308 140 151 65
196 51 352 198 317 171 320 34 357 198 306
118 24 319 73 348 320 35 32 194 211 72
280 13 317 192 51 150 150 52 314 340 104
339 310 256 340 198 139 107 46 306 71 340
128 80 65 304 265 104 294 318 150 16 27
233 101 198 73 137 59 163 263 176 198 65
145 286 289 225 351 47 11 139 352 230 257
305 31 140 101 23 23 38 21 72 284 207
367 306 340 65 198 38 198 199 73 232 365
51 362 261 123 200 198 130 219 73 160 307
145 33 27 215 119 104 107 291 294 198 90
157 46 135 102 72 91 144 310 40 330 254
296 301 107 33 47 254 145 136 336 220 116
81 340 340 101 114 234 189 64 204 83 343
243 247 242 183 348 265 237 294 143 65 105
320 358 343 233 313 102 81 64 249 90 12
316 175 195 114 73 307 69 233 99 24 64
316 51 351 163 79 47 39 262 352 70 80
249 283 106 320 343 233 28 233 301 47 164
33 92 12 284 246 291 341 351 52 179 266
367 17 137 101 307 293 51 233 233 233 233
33 19 343 331 291 219 99 245 107 198 73
104 101 351 163 102 251 98 301 107 198 306
302 41 204 185 305 177 146 27 33 109 136
308 109 308 33 33 237 169 106 114 366 102
238 365 294 230 73 122 114 211 220 130 73
6 8 24 340 154 186 33 351 187 318 242
249 24 79 24 322 48 240 365 28 93 248
101 169 357 101 198 306 101 251 123 1 114
35 137 146 204 310 149 28 318 150 266 352
192 317 357 28 198 87 33 152 71 69 309
178 314 300 75 340 5 294 198 357 351 215
151 59 27 320 93 340 123 184 215 215 40
65 364 38 104 294 68 318 102 47 293 83
33 100 362 291 211 361 107 291 198 41 245
122 211 251 333 1 174 147 220 68 23 314
33 3 90 190 65 200 24 367 158 27 318
33 215 194 298 76 154 62 73 259 304 340
127 342 198 205 71 344 118 337 360 322 337
367 65 328 266 221 205 186 33 305 146 276
249 24 102 12 200 331 357 351 68 294 230
150 212 39 317 203 116 191 340 343 343 326
73 42 293 130 362 198 104 198 340 122 211
35 328 275 220 294 65 116 123 184 369 102
33 127 51 192 192 124 308 34 349 107 244
316 51 328 114 177 237 139 66 101 343 147
179 102 353 363 237 171 52 106 340 301 27
33 35 360 81 80 348 9 117 219 154 75
214 307 42 81 71 50 211 328 110 177 352
301 236 58 104 45 181 164 320 266 352 291
79 351 215 254 72 300 105 313 363 27 297
122 294 225 204 364 364 63 313 107 211 344
42 11 102 340 266 266 352 18 42 308 93
309 11 27 114 161 30 136 236 198 314 343
302 276 30 52 42 242 294 42 251 65 304
13 244 14 73 101 45 306 118 306 248 366
13 341 167 90 340 304 266 352 70 83 184
87 42 169 294 144 237 337 33 160 264 253
270 237 221 101 114 352 263 38 237 215 284
342 270 340 65 198 336 4 161 51 150 133
24 42 73 367 199 167 101 294 107 170 160
90 106 249 356 18 114 55 291 211 139 107
73 13 146 154 146 225 144 362 291 198 332
16 13 353 183 122 202 258 181 258 123 147
60 144 329 215 251 12 340 133 73 171 79
367 35 73 307 349 109 114 11 171 75 4
310 73 123 306 340 101 181 42 293 186 332
309 219 307 362 258 78 53 72 88 24 213
302 101 306 274 291 150 52 181 161 73 233
33 192 51 37 200 139 264 11 209 232 251
122 253 198 344 231 294 104 206 21 151 205
136 51 340 215 270 12 291 106 1 114 172
236 351 93 289 235 290 41 266 352 171 220
160 184 131 140 106 343 49 365 215 234 73
308 150 209 102 366 211 47 124 62 83 73
105 28 7 222 157 214 73 73 123 147 5
121 223 266 318 5 27 324 107 305 240 27
84 270 308 198 352 102 91 28 71 192 357
12 289 99 31 149 163 136 84 169 73 150
249 196 179 45 301 27 109 89 286 310 28
313 343 65 276 222 239 137 146 150 27 186
79 51 5 147 140 177 183 61 203 69 146
35 13 47 42 94 39 76 327 283 3 294
127 366 239 310 160 145 73 73 102 353 183
302 334 230 307 44 33 306 28 340 150 30
324 127 192 42 119 291 266 364 65 198 104
13 191 203 95 187 343 220 230 207 344 7
47 130 102 366 202 106 182 367 65 198 219
145 130 177 184 351 230 167 353 366 198 179
79 308 291 144 220 205 266 242 150 7 20
33 127 71 18 114 337 276 146 227 327 73
13 198 294 229 343 348 364 38 107 41 294
33 305 12 76 285 90 308 357 98 220 51
35 136 363 174 184 357 92 352 230 216 28
12 11 31 9 150 30 52 199 24 28 347
249 33 90 73 47 220 254 298 302 340 153
35 122 352 24 150 352 151 7 31 333 123
13 33 264 101 17 224 130 177 14 179 101
47 367 73 340 289 192 216 352 304 72 340
24 24 302 69 220 148 221 251 341 140 266
249 35 200 294 324 198 249 122 306 223 175
144 186 249 311 309 75 314 232 198 365 245
127 42 232 12 205 107 276 177 324 104 311
90 340 101 351 237 114 242 276 137 269 85
249 242 237 62 343 224 127 12 247 80 109
79 196 51 248 61 17 150 7 289 104 5
312 233 309 302 47 111 332 117 276 248 47
314 42 31 343 352 79 310 86 5 199 340
127 51 90 301 224 104 238 104 109 133 47
108 73 203 155 289 316 154 123 251 160 360
80 66 151 309 23 352 114 9 351 309 318
302 101 167 291 151 42 78 24 327 291 203
81 28 17 362 71 101 220 225 211 251 301
309 23 5 299 340 343 340 340 163 364 202
220 47 102 158 309 11 291 78 119 198 229
47 122 150 230 367 351 28 110 149 118 317
249 290 352 301 249 304 147 61 135 101 99
249 192 41 352 40 237 60 189 365 282 291
302 46 103 171 150 352 254 123 1 101 369
309 42 118 245 118 328 23 237 320 33 93
122 309 5 319 360 187 65 33 309 312 47
79 215 42 220 81 352 182 122 47 273 198
47 145 73 69 309 5 352 30 34 317 309
33 319 364 215 211 99 181 69 270 340 306
104 158 316 198 156 7 188 216 191 318 363
100 318 173 365 27 42 46 364 16 12 353
362 46 224 177 233 311 178 248 343 27 215
127 233 61 72 316 341 17 352 51 352 51
367 362 203 326 337 220 65 200 114 78 318
314 343 140 95 102 136 203 83 309 352 203
192 270 150 30 336 30 104 107 360 87 352
314 130 199 286 87 120 198 205 171 307 171
47 28 21 362 230 211 251 252 198 190 138
40 294 68 318 150 294 257 349 83 73 130
73 1 42 73 311 231 294 294 61 5 47
302 220 55 263 114 18 107 361 123 146 11
302 232 184 194 146 177 104 81 318 331 142
12 257 150 341 12 200 177 219 237 70 198
314 101 307 362 237 202 171 5 352 291 28
237 313 341 304 285 301 64 291 41 245 286
114 225 78 318 132 11 102 344 198 139 107
362 289 114 230 150 284 7 106 144 204 204
51 128 137 104 94 214 266 352 31 352 209
47 367 118 24 21 106 340 18 352 237 73
33 343 12 290 237 269 130 65 73 203 122
324 168 249 104 31 98 291 17 296 310 101
40 242 42 293 237 104 125 163 136 117 7
186 43 127 1 130 266 311 17 5 340 177
61 42 31 150 213 132 107 47 50 239 150
308 275 357 18 104 39 104 171 220 60 363
41 171 302 133 73 171 101 244 207 237 295
118 184 73 171 66 220 307 343 237 220 174
306 301 28 286 260 30 5 184 49 205 186
80 171 302 291 150 340 100 11 232 178 198
367 308 147 365 93 151 344 203 161 7 271
343 143 294 70 193 119 357 300 314 107 72
13 117 154 80 352 215 28 317 305 365 56
228 101 12 116 171 237 56 222 106 24 318
33 302 203 163 363 340 198 139 306 365 11
309 121 362 294 182 237 98 220 26 130 366
304 14 78 121 257 184 295 124 338 187 247
215 194 22 121 171 65 27 45 297 135 101
316 51 225 189 140 9 245 18 31 179 211
349 254 165 73 258 171 115 27 101 82 30
203 249 42 214 190 83 184 73 66 307 352
181 146 253 308 140 151 214 144 289 10 294
24 302 81 282 146 276 9 276 186 125 299
35 196 90 340 340 343 12 258 123 53 343
12 199 73 199 270 307 62 130 177 232 365
79 122 193 107 360 7 146 294 175 31 192
79 196 51 352 154 240 64 328 365 289 363
352 192 25 193 266 352 27 118 130 285 211
308 232 207 123 160 146 177 14 349 136 357
81 181 33 209 24 151 22 33 353 151 65
249 302 16 42 171 42 93 310 131 78 184
302 214 65 126 244 352 171 317 73 181 65
127 51 233 291 98 51 283 27 259 362 202
73 363 203 16 73 365 257 237 91 294 16
81 184 73 137 194 28 266 12 194 276 5
322 351 27 198 31 336 257 319 216 62 340
184 199 27 73 308 258 123 53 100 102 98
33 24 21 220 298 340 24 198 314 102 171
47 130 220 203 340 291 41 144 187 343 183
309 289 123 53 146 24 116 51 263 257 150
249 315 326 337 33 31 171 317 308 171 5
136 130 233 311 291 150 187 341 68 121 257
127 344 161 88 318 363 11 102 49 205 76
51 362 151 42 266 11 61 309 42 230 331
174 196 254 362 289 131 229 107 102 198 36
151 51 318 102 148 171 151 211 314 229 181
270 237 122 211 298 22 192 253 73 49 106
33 184 93 123 123 53 253 353 353 123 1
367 313 233 81 361 220 199 319 167 123 53
13 34 12 307 149 150 237 114 340 78 318
307 362 365 251 68 269 309 224 83 81 77
223 211 47 114 343 365 100 363 109 220 81
127 39 340 291 284 90 294 198 276 202 351
65 122 211 251 72 186 301 301 187 318 363
105 343 200 184 352 270 171 5 352 117 24
47 358 151 232 11 248 337 141 77 123 51
236 184 135 16 31 189 198 171 123 123 123
47 192 360 245 102 366 211 314 331 149 136
150 51 135 266 64 106 209 362 291 308 102
184 344 124 16 114 106 4 120 318 242 225
35 8 203 352 31 22 126 343 73 47 311
301 352 207 352 291 249 200 306 249 266 352
35 307 34 95 136 42 12 78 318 224 139
309 302 133 101 144 251 287 135 202 294 353
309 257 316 21 340 360 199 308 140 64 294
249 217 358 123 196 42 42 42 73 73 24
127 192 203 352 30 352 291 144 7 72 289
13 290 42 307 119 114 230 237 337 177 305
236 184 357 224 177 147 114 65 146 177 294
171 302 135 82 340 181 320 28 198 244 171
367 307 123 219 30 45 129 299 340 174 198
309 80 232 33 33 230 233 126 8 24 194
308 42 230 289 93 28 270 224 169 73 362
196 73 293 73 101 235 343 174 27 304 155
12 257 123 183 241 352 59 61 309 219 307
122 1 343 135 300 202 33 258 147 291 284
309 302 301 101 161 146 254 5 71 364 16
75 265 363 257 301 318 363 343 146 176 198
362 294 117 248 104 81 137 123 53 284 198
101 341 318 363 316 65 114 106 225 83 306
313 202 362 294 28 198 324 107 360 198 365
13 17 343 367 5 340 360 135 101 351 47
249 35 109 34 294 128 114 211 39 83 254
336 274 68 116 237 272 5 3 330 363 123
233 301 27 365 18 24 24 365 322 227 133
130 131 249 104 93 107 307 364 364 63 116
35 24 145 181 203 101 73 73 151 131 136
367 65 114 266 340 277 294 229 36 322 83
336 99 46 25 1 130 211 274 175 36 130
249 262 291 342 182 65 357 365 316 198 140
33 291 17 351 47 114 73 124 229 5 207
25 364 305 65 198 49 36 211 251 98 107
192 104 107 367 5 147 93 104 196 179 198
33 34 33 90 237 200 167 123 101 76 317
33 309 342 3 343 163 204 364 44 348 107
186 232 178 135 154 118 362 13 337 293 283
80 24 302 81 101 308 215 72 301 68 247
302 230 122 106 106 253 42 171 79 249 62
145 220 40 55 47 256 310 131 144 171 104
342 305 198 198 198 182 198 225 351 95 23
179 30 102 9 357 254 319 27 28 167 294
84 165 187 68 55 294 146 15 18 24 21
308 294 36 106 27 110 291 249 73 102 249
341 198 351 75 102 87 291 118 306 101 30
51 233 362 289 72 140 12 116 242 137 257
316 230 248 128 328 72 309 12 364 324 107
165 302 335 342 351 294 107 133 93 139 242
113 123 202 271 71 230 204 310 284 306 340
173 198 222 160 145 73 73 214 133 246 147
236 319 301 304 294 116 211 41 138 99 299
351 325 24 249 101 101 117 314 271 167 314
309 309 165 237 146 53 97 81 184 366 63
196 35 330 184 42 102 353 263 151 341 205
317 203 111 343 266 352 203 215 251 305 306
105 79 33 147 291 12 175 144 364 104 73
310 301 75 224 68 253 309 133 136 26 146
122 107 194 268 102 276 161 45 146 294 171
362 150 211 251 5 106 114 366 205 186 336
261 352 81 119 342 218 72 238 318 363 340
127 251 302 175 117 122 211 253 73 362 366
51 16 230 106 114 11 72 266 266 352 229
33 127 51 363 101 284 324 178 326 161 301
367 65 328 291 219 307 362 242 364 104 308
157 56 191 12 237 245 97 238 177 221 98
360 122 106 352 290 237 351 187 27 258 93
362 203 91 270 194 248 28 286 123 184 42
27 214 128 318 136 42 28 198 365 302 25
122 157 117 343 291 341 306 78 30 136 70
33 70 95 130 233 42 199 61 16 237 27
73 322 1 39 116 37 321 31 139 52 344
223 186 336 307 362 294 107 291 104 351 308
308 161 208 343 365 150 177 291 137 257 190
313 28 233 270 11 194 318 363 356 73 199
108 203 340 28 198 198 73 122 306 31 139
233 362 65 291 198 110 357 101 73 73 339
108 59 73 73 340 203 288 41 360 233 12
362 211 139 340 162 351 233 362 289 311 308
136 144 100 232 207 123 79 7 211 344 330
